function dhTable = GetDhTable(q)

dhTable = [q(1), 0.67183,   0,       1.57079632679490
           q(2), 0.15010,   0.4318,  0
           q(3), 0,        -0.0203,  1.57079632679490
           q(4), 0.43310,   0,       1.57079632679490
           q(5), 0,         0,      -1.57079632679490
           q(6), 0.05580,   0,       0];
end