0,0.045856842073451,0.0603402644021899,1.07410271372429,-0.599278571016346,0.986094951495832,-0.136482026563214
0.00333444481493831,0.0457252332662942,0.0608158597161884,1.07355067279219,-0.598752081407903,0.986877642528662,-0.136025493129594
0.00666888962987663,0.0455882998329507,0.0612885736023782,1.07299076310581,-0.598203302215223,0.987657241677808,-0.135578000462776
0.0100033344448149,0.0454459783765709,0.0617583267933976,1.07242294657722,-0.597632500643033,0.988433460920703,-0.135139736734854
0.0133377792597533,0.0452982060768744,0.0622250395179152,1.07184718807388,-0.597039951634056,0.989206012503101,-0.134710885673463
0.0166722240746916,0.0451449207060206,0.0626886315259739,1.07126345545619,-0.596425937721158,0.9899746090555,-0.134291626502057
0.0200066688896299,0.044986060644512,0.0631490221146005,1.07067171961392,-0.595790748876289,0.990738963709394,-0.133882133882271
0.0233411137045682,0.0448215648971257,0.0636061301536786,1.07007195450154,-0.595134682356269,0.991498790213296,-0.133482577858349
0.0266755585195065,0.0446513731088653,0.064059874112072,1.06946413717236,-0.594458042545514,0.992253803048499,-0.133093123803694
0.0300100033344448,0.0444754255809342,0.0645101720839921,1.06884824781158,-0.593761140795757,0.993003717544509,-0.132713932369528
0.0333444481493831,0.0442936632867198,0.0649569418156042,1.06822426976814,-0.593044295262853,0.993748249994113,-0.132345159435693
0.0366788929643214,0.0441060278877873,0.0654001007318595,1.06759218958538,-0.592307830740733,0.994487117768014,-0.131986956063597
0.0400133377792597,0.0439124617498781,0.0658395659635501,1.06695199703052,-0.591552078492599,0.995220039429013,-0.131639468451332
0.0433477825941981,0.0437129079589047,0.0662752543745744,1.06630368512288,-0.59077737607942,0.995946734845658,-0.131302837890958
0.0466822274091364,0.043507310336941,0.0667070825894059,1.06564725016094,-0.589984067185836,0.996666925305331,-0.130977200727984
0.0500166722240747,0.0432956134582004,0.0671349670207588,1.06498269174805,-0.589172501443516,0.997380333626717,-0.130662688323041
0.053351117039013,0.0430777626649968,0.067558823897438,1.06431001281699,-0.588343034252092,0.998086684271614,-0.130359427015762
0.0566855618539513,0.0428537040836841,0.0679785692923688,1.06362921965313,-0.587496026597717,0.998785703456023,-0.130067538090886
0.0600200066688896,0.0426233846405667,0.068394119150795,1.06294032191644,-0.586631844869361,0.999477119260487,-0.129787137746577
0.0633544514838279,0.0423867520777792,0.0688053893186363,1.06224333266209,-0.585750860672905,1.00016066173962,-0.129518337064976
0.0666888962987663,0.0421437549691252,0.0692122955709993,1.06153826835977,-0.584853450643137,1.00083606303078,-0.129261241984991
0.0700233411137046,0.0418943427358736,0.0696147536408286,1.06082514891168,-0.58393999625374,1.00150305746187,-0.129015953277325
0.0733577859286429,0.0416384656625046,0.0700126792476924,1.06010399766922,-0.583010883625337,1.00216138165814,-0.128782566521747
0.0766922307435812,0.0413760749123993,0.0704059881266917,1.05937484144827,-0.582066503331712,1.00281077464806,-0.128561172086611
0.0800266755585195,0.0411071225434692,0.070794596057484,1.05863771054315,-0.581107250204272,1.00345097796813,-0.128351855110627
0.0833611203734578,0.0408315615237186,0.0711784188934137,1.05789263873922,-0.580133523134863,1.00408173576662,-0.128154695486869
0.0866955651883961,0.0405493457467319,0.0715573725907375,1.05713966332405,-0.57914572487701,1.0047027949062,-0.127969767849042
0.0900300100033345,0.0402604300470852,0.0719313732379368,1.05637882509728,-0.578144261845687,1.00531390506535,-0.127797141559993
0.0933644548182728,0.0399647702156699,0.0723003370851071,1.05561016837902,-0.577129543915711,1.00591481883868,-0.127636880702463
0.0966988996332111,0.0396623230149269,0.0726641805734163,1.05483374101689,-0.576101984218839,1.00650529183587,-0.127489044072083
0.100033344448149,0.039353046193984,0.073022820364619,1.05404959439162,-0.57506199893968,1.00708508277944,-0.127353685172608
0.103367789263088,0.0390368985036887,0.0733761733706207,1.05325778342127,-0.574010007110502,1.00765395360111,-0.127230852213377
0.106702234078026,0.038713839711533,0.0737241567830804,1.052458366564,-0.572946430405041,1.0082116695368,-0.127120588109001
0.110036678892964,0.038383830616463,0.0740666881030416,1.05165140581942,-0.571871692931393,1.0087579992203,-0.127022930481275
0.113371123707903,0.0380468330635648,0.074403685170583,1.05083696672854,-0.570786221024101,1.0092927147754,-0.126937911663288
0.116705568522841,0.0377028099586247,0.0747350661944779,1.0500151183722,-0.569690443035518,1.00981559190657,-0.126865558705742
0.120040013337779,0.0373517252825544,0.0750607497818534,1.04918593336818,-0.568584789126558,1.01032640998817,-0.126805893385459
0.123374458152718,0.0369935441056753,0.0753806549678392,1.04834948786678,-0.567469691056909,1.01082495215202,-0.126758932216067
0.126708902967656,0.036628232601857,0.0756947012451958,1.04750586154496,-0.566345581974837,1.01131100537342,-0.126724686460855
0.130043347782594,0.0362557580625022,0.0760028085939114,1.04665513759912,-0.56521289620664,1.0117843605556,-0.126703162147782
0.133377792597533,0.0358760889103721,0.0763048975107607,1.04579740273629,-0.564072069045885,1.01224481261237,-0.126694360086626
0.136712237412471,0.0354891947132467,0.0766008890388105,1.04493274716401,-0.562923536542501,1.01269216054925,-0.126698275888261
0.140046682227409,0.0350950461974131,0.076890704796867,1.04406126457867,-0.56176773529183,1.0131262075427,-0.126714899986042
0.143381127042347,0.0346936152609746,0.077174267008852,1.04318305215243,-0.560605102223747,1.01354676101778,-0.126744217659291
0.146715571857286,0.0342848749869763,0.0774514985330976,1.04229821051874,-0.559436074391924,1.01395363272383,-0.126786209058851
0.150050016672224,0.0338687996563386,0.0777223228915528,1.04140684375631,-0.558261088763352,1.01434663880848,-0.126840849234703
0.153384461487162,0.0334453647605954,0.0779866642988866,1.04050905937172,-0.557080582008215,1.01472559988976,-0.126908108165625
0.156718906302101,0.0330145470144259,0.0782444476914826,1.03960496828058,-0.5558949902902,1.01509034112632,-0.126987950790869
0.160053351117039,0.0325763243679787,0.0784955987563123,1.03869468478724,-0.554704749057362,1.01544069228577,-0.127080337043834
0.163387795931977,0.0321306760189793,0.0787400439596771,1.03777832656302,-0.553510292833618,1.01577648781111,-0.12718522188772
0.166722240746916,0.0316775824246147,0.0789777105758104,1.03685601462313,-0.55231205501098,1.01609756688517,-0.127302555353141
0.170056685561854,0.0312170253131903,0.0792085267153287,1.03592787330201,-0.551110467642618,1.01640377349308,-0.127432282577658
0.173391130376792,0.030748987695551,0.0794324213535219,1.0349940302274,-0.549905961236847,1.01669495648278,-0.127574343847234
0.176725575191731,0.0302734538762622,0.0796493243584724,1.0340546162929,-0.548698964552133,1.01697096962347,-0.127728674639564
0.180060020006669,0.0297904094645438,0.0798591665189948,1.03310976562916,-0.547489904393215,1.01723167166197,-0.127895205669265
0.183394464821607,0.0292998413849501,0.0800618795723838,1.03215961557367,-0.546279205408437,1.01747692637717,-0.128073862934896
0.186728909636546,0.028801737887792,0.0802573962319622,1.03120430663917,-0.545067289888373,1.01770660263216,-0.128264567767787
0.190063354451484,0.0282960885592928,0.0804456502144187,1.03024398248066,-0.543854577565856,1.01792057442452,-0.128467236882641
0.193397799266422,0.0277828843314734,0.0806265762669255,1.02927878986103,-0.542641485417481,1.01811872093425,-0.128681782429887
0.19673224408136,0.0272621174917619,0.0808001101940259,1.02830887861539,-0.541428427466697,1.01830092656972,-0.128908112049749
0.200066688896299,0.0267337816923165,0.0809661888842825,1.02733440161394,-0.540215814588551,1.01846708101139,-0.12914612892801
0.203401133711237,0.0261978719590653,0.0811247503366761,1.02635551472362,-0.539004054316203,1.01861707925339,-0.129395731853431
0.206735578526175,0.0256543847004471,0.0812757336867458,1.02537237676833,-0.537793550649279,1.01875082164289,-0.1296568152768
0.210070023341114,0.0251033177158546,0.0814190792324608,1.02438514948789,-0.536584703864152,1.01886821391731,-0.129929269371576
0.213404468156052,0.0245446702037723,0.0815547284598141,1.02339399749567,-0.535377910326256,1.0189691672393,-0.130212980096101
0.21673891297099,0.0239784427696021,0.0816826240681287,1.02239908823496,-0.534173562304499,1.01905359822947,-0.13050782925734
0.220073357785929,0.0234046374331735,0.081802709995068,1.021400591934,-0.532972047787866,1.01912142899696,-0.130813694576118
0.223407802600867,0.0228232576359324,0.0819149314413391,1.02039868155982,-0.531773750304299,1.0191725871677,-0.131130449753821
0.226742247415805,0.0222343082478008,0.0820192348950814,1.01939353277077,-0.530579048741944,1.01920700591047,-0.131457964540533
0.230076692230744,0.0216377955737079,0.0821155681559314,1.01838532386783,-0.529388317172824,1.0192246239607,-0.131796104804556
0.233411137045682,0.0210337273597802,0.0822038803587532,1.01737423574473,-0.528201924679049,1.01922538564197,-0.132144732603293
0.23674558186062,0.0204221127991918,0.0822841219970272,1.01636045183686,-0.527020235181617,1.01920924088532,-0.132503706255458
0.240080026675559,0.0198029625376678,0.0823562449458876,1.01534415806895,-0.525843607271899,1.01917614524621,-0.132872880414563
0.243414471490497,0.0191762886786328,0.0824202024847997,1.01432554280162,-0.524672394045882,1.01912605991925,-0.133252106143658
0.246748916305435,0.0185421047880074,0.0824759493198683,1.01330479677679,-0.523506942941247,1.01905895175068,-0.133641230991281
0.250083361120373,0.0179004258986389,0.0825234416057698,1.01228211306193,-0.522347595577351,1.01897479324852,-0.134040099068581
0.253417805935312,0.0172512685143698,0.0825626369672964,1.01125768699318,-0.521194687598194,1.01887356259047,-0.134448551127575
0.25675225075025,0.0165946506137348,0.082593494520509,1.01023171611748,-0.52004854851844,1.01875524362958,-0.134866424640499
0.260086695565188,0.0159305916532833,0.0826159748934852,1.00920440013344,-0.518909501572559,1.01861982589755,-0.13529355388022
0.263421140380127,0.0152591125705245,0.0826300402466578,1.00817594083137,-0.517777863567169,1.01846730460586,-0.135729770001657
0.266755585195065,0.0145802357864893,0.0826356542927348,1.00714654203209,-0.516653944736634,1.01829768064458,-0.136174901124188
0.270090030010003,0.013893985207906,0.0826327823161916,1.00611640952484,-0.51553804860199,1.01811096057896,-0.136628772414988
0.273424474824942,0.0132003862289868,0.0826213911923307,1.00508575100418,-0.51443047183327,1.01790715664369,-0.137091206173263
0.27675891963988,0.0124994657328195,0.0826014494058972,1.00405477600587,-0.513331504115275,1.01768628673503,-0.137562021915346
0.280093364454818,0.0117912520923622,0.0825729270692464,1.0030236958419,-0.512241428016872,1.01744837440059,-0.138041036460599
0.283427809269757,0.0110757751710387,0.0825357959400532,1.00199272353446,-0.511160518863865,1.01719344882694,-0.138528064018094
0.286762254084695,0.0103530663229291,0.0824900294385578,1.00096207374915,-0.510089044615499,1.01692154482502,-0.139022916274023
0.290096698899633,0.00962315839255246,0.0824356026643392,0.999931962727241,-0.509027265744663,1.01663270281327,-0.139525402479805
0.293431143714572,0.00888608571424242,0.0823724924126107,0.998902608217056,-0.507975435121837,1.01632696879861,-0.14003532954083
0.29676558852951,0.00814188411110825,0.08230067719003,0.997874229404607,-0.506933797902843,1.01600439435526,-0.140552502105816
0.300100033344448,0.00739059089358045,0.0822201372300168,0.996847046843358,-0.505902591420441,1.01566503660134,-0.141076722656737
0.303434478159386,0.00663224485754025,0.0821308545075715,0.995821282383237,-0.504882045079841,1.0153089581733,-0.141607791599254
0.306768922974325,0.00586688628202762,0.08203281275359,0.994797159098898,-0.503872380258152,1.01493622719832,-0.142145507353648
0.310103367789263,0.00509455692652674,0.0819259974686651,0.993774901217253,-0.502873810207838,1.01454691726443,-0.142689666446175
0.313437812604201,0.00431530002782904,0.081810395936372,0.992754734044296,-0.501886539964211,1.01414110738866,-0.143240063600817
0.31677225741914,0.00352916029646727,0.08168599723603,0.991736883891267,-0.500910766257006,1.01371888198299,-0.143796491831395
0.320106702234078,0.00273618391272403,0.0815527922549337,0.990721578000165,-0.499946677426088,1.01328033081834,-0.144358742533978
0.323441147049016,0.00193641852220965,0.0814107737000513,0.989709044468633,-0.498994453341317,1.01282554898643,-0.14492660557957
0.326775591863955,0.00112991323100852,0.0812599361091807,0.988699512174265,-0.498054265326614,1.01235463685962,-0.145499869407015
0.330110036678893,0.000316718600395025,0.0811002758615608,0.987693210698341,-0.497126276088265,1.01186770004879,-0.146078321116081
0.333444481493831,-0.000503113358885976,0.0809317911879322,0.986690370249029,-0.496210639647497,1.01136484935919,-0.146661746560696
0.33677892630877,-0.00132952919277082,0.0807544821800415,0.985691221584077,-0.495307501277344,1.01084620074432,-0.147249930442266
0.340113371123708,-0.00216247401046447,0.0805683507995855,0.984695995933033,-0.494416997443855,1.01031187525795,-0.147842656403054
0.343447815938646,-0.00300189149146431,0.0803734008865901,0.983704924919008,-0.493539255751649,1.00976199900412,-0.148439707119571
0.346782260753585,-0.00384772389301737,0.0801696381672203,0.98271824048002,-0.492674394893859,1.00919670308535,-0.149040864395939
0.350116705568523,-0.00469991205801658,0.0799570702610154,0.981736174789953,-0.491822524606477,1.0086161235489,-0.149645909257177
0.353451150383461,-0.00555839542333032,0.0797357066875471,0.980758960179149,-0.490983745627126,1.00802040133129,-0.150254622042377
0.356785595198399,-0.00642311202856954,0.0795055588724965,0.979786829054667,-0.490158149658281,1.00740968220095,-0.150866782497723
0.360120040013338,-0.00729399852529091,0.0792666401531441,0.978820013820243,-0.489345819334952,1.0067841166991,-0.151482169869315
0.363454484828276,-0.00817099018663297,0.0790189657832733,0.977858746795981,-0.488546828196842,1.00614386007891,-0.152100562995753
0.366788929643214,-0.00905402091738938,0.0787625529374798,0.976903260137796,-0.487761240665,1.00548907224291,-0.152721740400442
0.370123374458153,-0.00994302326451319,0.0784974207148874,0.975953785756653,-0.486989112022978,1.00481991767876,-0.153345480383584
0.373457819273091,-0.0108379284280556,0.0782235901422645,0.975010555237621,-0.486230488402498,1.0041365653933,-0.153971561113795
0.376792264088029,-0.0117386662725357,0.0779410841765412,0.974073799758781,-0.485485406773635,1.00343918884506,-0.154599760719341
0.380126708902968,-0.012645165338739,0.0776499277067223,0.973143750010009,-0.484753894939528,1.00272796587507,-0.155229857378917
0.383461153717906,-0.013557352855946,0.0773501475551949,0.972220636111685,-0.484035971535617,1.00200307863624,-0.15586162941196
0.386795598532844,-0.0144751547545852,0.0770417724784289,0.97130468753333,-0.48333164603341,1.00126471352109,-0.156494855368432
0.390130043347783,-0.0153984956793128,0.0767248331670677,0.970396133012225,-0.482640918748765,1.00051306108811,-0.157129314118056
0.393464488162721,-0.0163272990025146,0.0763993622454077,0.969495200472039,-0.481963780854712,0.999748315986571,-0.157764784938949
0.396798932977659,-0.0172614868382258,0.0760653942702655,0.968602116941489,-0.48130021439878,0.998970676879976,-0.158401047605622
0.400133377792598,-0.0182009800564719,0.075722965729231,0.967717108473068,-0.48065019232484,0.998180346368098,-0.159037882476318
0.403467822607536,-0.0191456982980213,0.0753721150383058,0.966840400061877,-0.480013678499444,0.997377530907692,-0.159675070579623
0.406802267422474,-0.0200955599895522,0.0750128825389258,0.96597221556459,-0.479390627742664,0.996562440731886,-0.160312393700353
0.410136712237412,-0.0210504823592283,0.0746453104943669,0.965112777618571,-0.47878098586339,0.995735289768308,-0.160949634464645
0.413471157052351,-0.0220103814526779,0.0742694430855348,0.964262307561197,-0.478184689699105,0.994896295555976,-0.161586576424236
0.416805601867289,-0.0229751721493795,0.073885326406137,0.9634210253494,-0.477601667160093,0.994045679160997,-0.162223004139889
0.420140046682227,-0.0239447681794416,0.0734930084572383,0.96258914947947,-0.477031837278071,0.993183665091112,-0.162858703263934
0.423474491497166,-0.0249190821407812,0.0730925391411993,0.96176689690714,-0.476475110259223,0.992310481209117,-0.163493460621883
0.426808936312104,-0.0258980255166912,0.0726839702549982,0.960954482967996,-0.475931387541613,0.991426358645216,-0.164127064293093
0.430143381127042,-0.0268815086937944,0.0722673554829375,0.960152121298237,-0.475400561856947,0.990531531708338,-0.164759303690442
0.433477825941981,-0.0278694409803818,0.0718427503887353,0.959360023755813,-0.47488251729666,0.989626237796447,-0.165389969638983
0.436812270756919,-0.0288617306251269,0.0714102124070033,0.958578400341977,-0.4743771293823,0.98871071730591,-0.166018854453538
0.440146715571857,-0.0298582848361739,0.070969800834112,0.957807459123288,-0.473884265140169,0.987785213539945,-0.166645752015224
0.443481160386796,-0.0308590098005956,0.0705215768184444,0.957047406154073,-0.473403783180197,0.986849972616195,-0.167270457846844
0.446815605201734,-0.0318638107042121,0.0700656033500417,0.956298445399409,-0.472935533779011,0.985905243373472,-0.167892769187153
0.450150050016672,-0.0328725917517694,0.0696019452496408,0.955560778658637,-0.472479358967156,0.984951277277711,-0.168512485063929
0.453484494831611,-0.0338852561874712,0.0691306691571063,0.954834605489429,-0.472035092620434,0.983988328327178,-0.169129406365856
0.456818939646549,-0.0349017063158556,0.0686518435192607,0.954120123132478,-0.471602560555322,0.983016652956974,-0.16974333591317
0.460153384461487,-0.035921843523015,0.0681655385771138,0.953417526436781,-0.471181580628416,0.982036509942867,-0.170354078527038
0.463487829276425,-0.0369455682981521,0.0676718263524939,0.95272700778561,-0.47077196283987,0.981048160304516,-0.170961441097662
0.466822274091364,-0.0379727802554626,0.067170780634087,0.952048757023142,-0.470373509440767,0.980051867208114,-0.171565232651065
0.470156718906302,-0.0390033781563437,0.0666624769628818,0.951382961381826,-0.469986015044389,0.97904789586849,-0.172165264414534
0.47349116372124,-0.0400372599319193,0.0661469926170291,0.950729805410474,-0.469609266741325,0.978036513450725,-0.172761349880707
0.476825608536179,-0.0410743227058728,0.0656244065961164,0.950089470903148,-0.469243044218373,0.977017988971319,-0.17335330487027
0.480160053351117,-0.0421144628175863,0.0650947996048623,0.949462136828825,-0.468887119881167,0.975992593198954,-0.173940947593241
0.483494498166055,-0.0431575758455761,0.0645582540362345,0.948847979261908,-0.468541258980498,0.97496059855489,-0.174524098708823
0.486828942980994,-0.0442035566312153,0.0640148539539969,0.948247171313597,-0.468205219742245,0.973922279013046,-0.175102581383804
0.490163387795932,-0.0452522993027418,0.0634646850746884,0.947659883064132,-0.467878753500879,0.972877909999804,-0.175676221349471
0.49349783261087,-0.0463036972995404,0.0629078347490391,0.947086281495965,-0.467561604836462,0.97182776829358,-0.176244846957041
0.496832277425809,-0.0473576433966908,0.0623443919428298,0.946526530427865,-0.467253511715093,0.970772131924207,-0.176808289231562
0.500166722240747,-0.048414029729779,0.0617744472171975,0.945980790449993,-0.466954205632727,0.96971128007217,-0.177366381924287
0.503501167055685,-0.0494727478199572,0.0611980927083948,0.945449218859976,-0.466663411762306,0.968645492967737,-0.177918961563494
0.506835611870624,-0.0505336885992502,0.0606154221070075,0.944931969599998,-0.466380849104136,0.967575051790036,-0.178465867503729
0.510170056685562,-0.0515967424360986,0.0600265306366346,0.944429193194932,-0.466106230639438,0.966500238566101,-0.179006941973469
0.5135045015005,-0.0526617991611271,0.0594315150320409,0.943941036691564,-0.465839263487005,0.965421336069963,-0.17954203012118
0.516838946315438,-0.0537287480931367,0.058830473516783,0.943467643598891,-0.465579649062898,0.964338627721787,-0.180070980059751
0.520173391130377,-0.0547974780653037,0.05822350578032,0.943009153829559,-0.465327083243092,0.963252397487137,-0.180593642909308
0.523507835945315,-0.0558678774515852,0.0576107129546116,0.942565703642443,-0.465081256529028,0.962162929776385,-0.181109872838371
0.526842280760253,-0.0569398341933173,0.0569921975902121,0.942137425586396,-0.464841854215958,0.961070509344312,-0.181619527103359
0.530176725575192,-0.0580132358259972,0.0563680636318678,0.94172444844519,-0.464608556564041,0.959975421189955,-0.182122466086429
0.53351117039013,-0.0590879695062445,0.0557384163936229,0.941326897183688,-0.464381038972083,0.958877950456718,-0.182618553331628
0.536845615205068,-0.060163922038927,0.0551033625334436,0.940944892895241,-0.464158972153866,0.957778382332819,-0.183107655579356
0.540180060020007,-0.0612409799044461,0.0544630100273654,0.940578552750356,-0.463942022316967,0.956677001952079,-0.183589642799139
0.543514504834945,-0.0623190292861722,0.0538174681431733,0.94022798994665,-0.463729851343996,0.955574094295123,-0.184064388220681
0.546848949649883,-0.0633979560980163,0.0531668474136218,0.939893313660104,-0.463522116976163,0.954469944091022,-0.184531768363211
0.550183394464822,-0.0644776460121362,0.0525112596092026,0.939574628997649,-0.4633184729991,0.953364835719411,-0.184991663063107
0.55351783927976,-0.0655579844867593,0.0518508177104692,0.939272036951101,-0.463118569430838,0.952259053113127,-0.185443955499786
0.556852284094698,-0.066638856794119,0.051185635879925,0.938985634352452,-0.462922052711871,0.951152879661414,-0.185888532219874
0.560186728909636,-0.0677201480484919,0.0505158294334849,0.938715513830568,-0.462728565897199,0.950046598113723,-0.186325283159628
0.563521173724575,-0.068801743234325,0.0498415148115194,0.938461763769269,-0.462537748850286,0.948940490484146,-0.186754101665624
0.566855618539513,-0.0698835272344474,0.0491628095494879,0.938224468266854,-0.462349238438823,0.947834837956531,-0.187174884513707
0.570190063354451,-0.0709653848583503,0.0484798322481735,0.938003707097052,-0.462162668732215,0.946729920790307,-0.187587531926186
0.57352450816939,-0.0720472008705316,0.0477927025435256,0.937799555671446,-0.461977671200705,0.945626018227062,-0.187991947587296
0.576858952984328,-0.073128860018891,0.0471015410761199,0.937612085003358,-0.461793874916036,0.944523408397906,-0.188388038656914
0.580193397799266,-0.0742102470631657,0.0464064694602495,0.937441361673245,-0.461610906753566,0.943422368231654,-0.188775715782525
0.583527842614205,-0.0752912468033992,0.0457076102526487,0.937287447795581,-0.461428391595734,0.942323173363881,-0.189154893109453
0.586862287429143,-0.0763717441084296,0.045005086920869,0.937150400987285,-0.461245952536795,0.941226098046852,-0.189525488289352
0.590196732244081,-0.0774516239443888,0.0442990238113083,0.937030274337668,-0.461063211088718,0.940131415060401,-0.189887422486962
0.59353117705902,-0.0785307714032041,0.04358954611691,0.936927116379946,-0.460879787388165,0.939039395623755,-0.19024062038513
0.596865621873958,-0.0796090717310863,0.0428767798445392,0.936840971064304,-0.460695300404437,0.937950309308371,-0.190585010188112
0.600200066688896,-0.0806864103570012,0.0421608517820454,0.936771877732554,-0.460509368148318,0.936864423951791,-0.190920523623146
0.603534511503835,-0.0817626729211065,0.041441889465026,0.936719871094372,-0.460321607881693,0.935782005572566,-0.19124709594032
0.606868956318773,-0.0828377453031505,0.0407200211432975,0.936684981205139,-0.460131636327858,0.93470331828627,-0.191564665910727
0.610203401133711,-0.0839115136508182,0.039995375747086,0.936667233445397,-0.45993906988243,0.933628624222644,-0.19187317582293
0.61353784594865,-0.0849838644080129,0.0392680828529513,0.936666648501929,-0.459743524824744,0.93255818344389,-0.192172571477729
0.616872290763588,-0.0860546843430686,0.0385382726494485,0.936683242350473,-0.459544617529651,0.931492253864155,-0.192462802181255
0.620206735578526,-0.0871238605768755,0.0378060759025469,0.936717026240072,-0.459341964679613,0.930431091170231,-0.192743820736398
0.623541180393465,-0.0881912806109136,0.0370716239208103,0.93676800667908,-0.459135183477004,0.929374948743498,-0.193015583432569
0.626875625208403,-0.0892568323551823,0.036335048520353,0.936836185422832,-0.45892389185651,0.928324077583132,-0.19327805003383
0.630210070023341,-0.0903204041560126,0.0355964819895842,0.936921559462968,-0.458707708697534,0.927278726230625,-0.193531183765382
0.633544514838279,-0.0913818848237554,0.0348560570537492,0.937024121018444,-0.458486254036513,0.926239140695622,-0.193774951298439
0.636878959653218,-0.0924411636603349,0.0341139068392816,0.93714385752821,-0.458259149279028,0.925205564383111,-0.1940093227335
0.640213404468156,-0.093498130486652,0.0333701648379775,0.93728075164558,-0.458026017411644,0.924178238021988,-0.194234271582029
0.643547849283094,-0.094552675669834,0.0326249648710027,0.937434781234288,-0.45778648321334,0.92315739959503,-0.194449774746567
0.646882294098033,-0.0956046901503161,0.0318784410527454,0.937605919366238,-0.457540173466468,0.922143284270288,-0.194655812499283
0.650216738912971,-0.0966540654687427,0.0311307277545271,0.937794134320955,-0.457286717167111,0.921136124333925,-0.194852368458991
0.653551183727909,-0.0977006937926839,0.0303819595681831,0.937999389586727,-0.457025745734773,0.920136149124529,-0.195039429566644
0.656885628542848,-0.0987444679431517,0.0296322712695229,0.938221643863458,-0.456756893221272,0.919143584968922,-0.195216986059327
0.660220073357786,-0.0997852814209067,0.0288817977816874,0.938460851067213,-0.456479796518765,0.918158655119466,-0.195385031442766
0.663554518172724,-0.100823028432547,0.02813067413841,0.938716960336488,-0.456194095566792,0.917181579692919,-0.195543562462377
0.666888962987663,-0.101857603916368,0.0273790354471961,0.938989916040155,-0.455899433558245,0.91621257561083,-0.195692579072872
0.670223407802601,-0.102888903567982,0.0266270168524352,0.93927965778714,-0.455595457144172,0.91525185654151,-0.195832084406444
0.673557852617539,-0.103916823865687,0.0258747534984544,0.939586120437782,-0.455281816637311,0.914299632843585,-0.195962084739552
0.676892297432477,-0.104941262095582,0.0251223804925279,0.939909234116907,-0.45495816621427,0.913356111511164,-0.196082589458337
0.680226742247416,-0.105962116376404,0.0243700328678559,0.940248924228592,-0.454624164116238,0.91242149612061,-0.196193611022673
0.683561187062354,-0.106979285684096,0.0236178455465221,0.940605111472632,-0.454279472848161,0.91149598677896,-0.196295164928904
0.686895631877292,-0.107992669876076,0.0228659533024463,0.940977711862693,-0.453923759376267,0.910579780073993,-0.196387269671261
0.690230076692231,-0.109002169715218,0.0221144907243417,0.94136663674615,-0.453556695323848,0.90967306902595,-0.196469946702012
0.693564521507169,-0.110007686893514,0.0213635921786911,0.941771792825621,-0.453177957165227,0.908776043040948,-0.196543220390351
0.696898966322107,-0.111009124055431,0.020613391772754,0.94219308218216,-0.452787226417789,0.90788888786606,-0.196607117980057
0.700233411137046,-0.112006384820929,0.0198640233176172,0.942630402300134,-0.452384189832009,0.907011785546113,-0.196661669545958
0.703567855951984,-0.112999373808152,0.0191156202913022,0.943083646093751,-0.451968539579381,0.906144914382184,-0.196706907949217
0.706902300766922,-0.113987996655768,0.0183683158019423,0.943552701935258,-0.451539973438145,0.905288448891816,-0.196742868791466
0.710236745581861,-0.11497216004496,0.0176222425510382,0.944037453684774,-0.451098194976745,0.90444255977096,-0.196769590367829
0.713571190396799,-0.115951771721051,0.0168775327968128,0.944537780721766,-0.450642913734918,0.903607413857658,-0.196787113618849
0.716905635211737,-0.116926740514756,0.016134318317668,0.945053557978154,-0.450173845402325,0.902783174097454,-0.196795482081358
0.720240080026676,-0.117896976363056,0.0153927303757653,0.945584655973034,-0.449690711994658,0.901969999510568,-0.196794741838306
0.723574524841614,-0.118862390329683,0.0146528996807359,0.946130940849005,-0.449193242027104,0.901168045160808,-0.196784941467597
0.726908969656552,-0.119822894625209,0.0139149563535356,0.946692274410099,-0.448681170685127,0.90037746212625,-0.196766131989951
0.730243414471491,-0.120778402626721,0.0131790298904593,0.947268514161288,-0.448154239992445,0.899598397471672,-0.196738366815816
0.733577859286429,-0.121728828897099,0.0124452491273225,0.947859513349565,-0.447612198976146,0.898830994222754,-0.196701701691383
0.736912304101367,-0.122674089203852,0.0117137422038273,0.948465121006584,-0.447054803828863,0.898075391342037,-0.196656194643708
0.740246748916305,-0.123614100537546,0.010984636528122,0.94908518199284,-0.446481818067909,0.897331723706659,-0.196601905924999
0.743581193731244,-0.124548781129774,0.0102580587415683,0.949719537043377,-0.445893012691325,0.896600122087846,-0.196538897956075
0.746915638546182,-0.125478050470702,0.00953413468372766,0.950368022815019,-0.445288166330735,0.895880713132174,-0.196467235269056
0.75025008336112,-0.126401829326148,0.0088129893575797,0.951030471935086,-0.444667065400961,0.895173619344593,-0.196386984449288
0.753584528176059,-0.127320039754208,0.00809474689498551,0.951706713051602,-0.444029504246303,0.894478959073215,-0.196298214076563
0.756918972990997,-0.12823260512142,0.00737953052240532,0.952396570884957,-0.443375285283431,0.893796846495857,-0.196200994665644
0.760253417805935,-0.129139450118448,0.00666746252688545,0.953099866281029,-0.442704219140797,0.893127391608341,-0.196095398606148
0.763587862620874,-0.130040500775294,0.00595866422232637,0.953816416265722,-0.442016124794521,0.892470700214547,-0.195981500101809
0.766922307435812,-0.130935684476021,0.00525325591604118,0.954546034100921,-0.441310829700677,0.891826873918198,-0.195859375109151
0.77025675225075,-0.131824929972983,0.00455135687562024,0.955288529341836,-0.440588169923895,0.891196010116403,-0.195729101275627
0.773591197065689,-0.132708167400564,0.00385308529611003,0.956043707895713,-0.439847990262248,0.89057820199491,-0.195590757877223
0.776925641880627,-0.133585328288403,0.00315855826751991,0.956811372081904,-0.439090144368332,0.889973538525098,-0.195444425755601
0.780260086695565,-0.134456345574123,0.00246789174266923,0.957591320693255,-0.438314494866498,0.889382104462675,-0.195290187254784
0.783594531510504,-0.135321153615534,0.0017812005053831,0.958383349058812,-0.43752091346616,0.888803980348082,-0.195128126157435
0.786928976325442,-0.13617968820232,0.00109859813905197,0.9591872491078,-0.436709281071143,0.888239242508596,-0.194958327620753
0.79026342114038,-0.137031886567208,0.000420196995563256,0.960002809434886,-0.435879487884996,0.887687963062111,-0.194780878112042
0.793597865955318,-0.137877687396594,-0.000253891835381778,0.960829815366656,-0.435031433512218,0.887150209922594,-0.194595865343955
0.796932310770257,-0.138717030840651,-0.000923558556556981,0.961668049029331,-0.434165027055362,0.886626046807203,-0.194403378209484
0.800266755585195,-0.139549858522881,-0.00158869469309242,0.962517289417661,-0.433280187207949,0.886115533245042,-0.194203506716698
0.803601200400133,-0.140376113549142,-0.002249193121939,0.963377312464994,-0.432376842343142,0.885618724587565,-0.193996341923297
0.806935645215072,-0.141195740516113,-0.0029049481009054,0.964247891114484,-0.431454930598156,0.885135672020581,-0.193781975870984
0.81027009003001,-0.142008685519221,-0.00355585529725718,0.965128795391423,-0.430514399954324,0.88466642257787,-0.193560501519717
0.813604534844948,-0.142814896160004,-0.00420181181586564,0.966019792476653,-0.429555208312816,0.884211019156385,-0.19333201268186
0.816938979659887,-0.143614321552925,-0.00484271622689958,0.966920646781055,-0.42857732356593,0.883769500533025,-0.193096603956278
0.820273424474825,-0.144406912331619,-0.00547846859304745,0.967831120021069,-0.427580723663948,0.883341901382955,-0.192854370662401
0.823607869289763,-0.145192620654585,-0.00610897049625967,0.968750971295229,-0.426565396677502,0.882928252299468,-0.192605408774302
0.826942314104702,-0.145971400210304,-0.00673412506400347,0.969679957161677,-0.42553134085542,0.882528579815357,-0.192349814854817
0.83027675891964,-0.146743206221796,-0.00735383699501932,0.970617831716636,-0.424478564678013,0.882142906425784,-0.192087685989744
0.833611203734578,-0.147507995450601,-0.00796801258456848,0.971564346673808,-0.423407086905786,0.881771250612631,-0.191819119722161
0.836945648549516,-0.148265726200194,-0.00857655974916446,0.972519251444672,-0.42231693662353,0.8814136268703,-0.19154421398688
0.840280093364455,-0.149016358318823,-0.00917938805077873,0.973482293219648,-0.421208153279765,0.881070045732951,-0.191263067045096
0.843614538179393,-0.149759853201773,-0.00977640872050981,0.974453217050103,-0.420080786721526,0.880740513803156,-0.190975777419248
0.846948982994331,-0.150496173793052,-0.0103675346817097,0.975431765931162,-0.418934897224452,0.880425033781935,-0.190682443828129
0.85028342780927,-0.151225284586507,-0.0109526805725578,0.976417680885303,-0.417770555518165,0.880123604500173,-0.19038316512228
0.853617872624208,-0.151947151626351,-0.011531762768073,0.977410701046698,-0.416587842806914,0.879836220951366,-0.190078040219706
0.856952317439146,-0.152661742507123,-0.0121046994015575,0.978410563746272,-0.415386850785478,0.879562874325703,-0.189767168041937
0.860286762254085,-0.153369026373066,-0.0126714103854643,0.979417004597443,-0.414167681650294,0.879303552045431,-0.189450647450483
0.863621207069023,-0.154068973916921,-0.0132318174316772,0.980429757582531,-0.41293044810582,0.879058237801498,-0.189128577183692
0.866955651883961,-0.154761557378155,-0.0137858440712016,0.981448555139769,-0.411675273366102,0.878826911591441,-0.188801055794068
0.8702900966989,-0.155446750540602,-0.0143334156732524,0.982473128250924,-0.410402291151551,0.87860954975849,-0.188468181586068
0.873624541513838,-0.15612452872953,-0.0148744594637367,0.983503206529468,-0.40911164568091,0.878406125031871,-0.188130052554411
0.876958986328776,-0.156794868808137,-0.0154089045431215,0.984538518309274,-0.40780349165842,0.878216606568266,-0.187786766322932
0.880293431143715,-0.157457749173469,-0.0159366819036799,0.985578790733803,-0.40647799425617,0.878040959994418,-0.18743842008401
0.883627875958653,-0.158113149751767,-0.0164577244461115,0.986623749845766,-0.405135329091642,0.877879147450854,-0.187085110538609
0.886962320773591,-0.158761051993239,-0.0169719669955265,0.987673120677191,-0.403775682200443,0.877731127636671,-0.186726933836951
0.89029676558853,-0.159401438866275,-0.0174793463167917,0.988726627339901,-0.402399250004236,0.877596855855398,-0.186363985519854
0.893631210403468,-0.160034294851083,-0.017979801129229,0.989783993116341,-0.401006239273865,0.877476284061867,-0.185996360460774
0.896965655218406,-0.160659605932771,-0.0184732721206636,0.990844940550742,-0.399596867087698,0.87736936091009,-0.185624152808568
0.900300100033344,-0.161277359593859,-0.0189597019608139,0.991909191540567,-0.398171360785185,0.877276031802099,-0.185247455931012
0.903634544848283,-0.161887544806246,-0.0194390353140189,0.992976467428216,-0.396729957915643,0.87719623893772,-0.184866362359104
0.906968989663221,-0.16249015202261,-0.0199112188512988,0.994046489092969,-0.395272906182298,0.877129921365263,-0.184480963732174
0.910303434478159,-0.163085173167265,-0.0203762012617436,0.995118977043097,-0.39380046338158,0.87707701503307,-0.18409135074384
0.913637879293098,-0.16367260162647,-0.0208339332632232,0.996193651508143,-0.392312897337701,0.877037452841927,-0.183697613088819
0.916972324108036,-0.16425243223819,-0.0212843676124186,0.99727023253133,-0.390810485832537,0.877011164698281,-0.183299839410638
0.920306768922974,-0.164824661281327,-0.0217274591141661,0.99834844006203,-0.389293516530836,0.876998077568231,-0.182898117250257
0.923641213737913,-0.16538928646441,-0.0221631646301135,0.999427994048312,-0.387762286900771,0.876998115532291,-0.182492532995641
0.926975658552851,-0.165946306913759,-0.0225914430866837,1.0005086145295,-0.386217104129868,0.877011199840851,-0.182083171832288
0.930310103367789,-0.166495723161124,-0.0230122554823416,1.00159002172868,-0.38465828503635,0.877037248970339,-0.181670117694766
0.933644548182728,-0.167037537130804,-0.0234255648941629,1.00267193614524,-0.383086155975899,0.877076178680028,-0.181253453219247
0.936978992997666,-0.167571752126255,-0.0238313364837005,1.00375407864721,-0.381501052743907,0.877127902069477,-0.180833259697097
0.940313437812604,-0.168098372816189,-0.024229537502146,1.00483617056357,-0.379903320473216,0.877192329636551,-0.180409617029511
0.943647882627543,-0.168617405220169,-0.024620137294786,1.00591793377636,-0.378293313527406,0.877269369336006,-0.179982603683246
0.946982327442481,-0.169128856693713,-0.0250031073047475,1.0069990908126,-0.376671395389662,0.877358926638599,-0.17955229664745
0.950316772257419,-0.169632735912906,-0.0253784210760342,1.00807936493603,-0.375037938547261,0.877460904590683,-0.179118771391617
0.953651217072357,-0.170129052858528,-0.0257460542558492,1.00915848023849,-0.373393324371724,0.877575203874271,-0.178682101824693
0.956985661887296,-0.170617818799712,-0.0261059845962053,1.01023616173113,-0.371737942994677,0.877701722867524,-0.178242360255338
0.960320106702234,-0.171099046277125,-0.0264581919548197,1.01131213543518,-0.370072193179464,0.877840357705624,-0.177799617353382
0.963654551517172,-0.171572749085697,-0.0268026582952935,1.01238612847245,-0.36839648218857,0.877991002342024,-0.177353942112479
0.966988996332111,-0.17203894225689,-0.0271393676865756,1.01345786915534,-0.366711225646896,0.878153548610006,-0.176905401813977
0.970323441147049,-0.172497642040523,-0.0274683063017091,1.01452708707654,-0.365016847400936,0.878327886284556,-0.176454061992032
0.973657885961987,-0.17294886588616,-0.0277894624158624,1.01559351319808,-0.363313779373924,0.878513903144479,-0.175999986399968
0.976992330776926,-0.173392632424064,-0.0281028264036445,1.01665687994012,-0.361602461416993,0.878711485034759,-0.175543236977914
0.980326775591864,-0.173828961445738,-0.028408390735703,1.01771692126899,-0.359883341156409,0.878920515929111,-0.175083873821716
0.983661220406802,-0.174257873884042,-0.0287061499746084,1.01877337278479,-0.358156873836941,0.879140877992687,-0.174621955153152
0.986995665221741,-0.174679391792917,-0.028996100770025,1.01982597180834,-0.356423522161426,0.879372451644929,-0.17415753729146
0.990330110036679,-0.175093538326705,-0.0292782418531679,1.02087445746755,-0.354683756126593,0.879615115622508,-0.173690674626182
0.993664554851617,-0.175500337719085,-0.0295525740305494,1.02191857078305,-0.352938052855214,0.879868747042336,-0.173221419591352
0.996998999666555,-0.17589981526164,-0.0298191001770169,1.02295805475316,-0.351186896424635,0.880133221464604,-0.172749822641031
1.00033344448149,-0.176291997282042,-0.0300778252280823,1.02399265443817,-0.34943077769178,0.880408412955832,-0.172275932226198
1.00366788929643,-0.176676911121895,-0.0303287561715477,1.02502211704379,-0.347670194114665,0.880694194151877,-0.171799794773008
1.00700233411137,-0.17705458511422,-0.0305719020384276,1.02604619200386,-0.345905649570528,0.880990436320891,-0.171321454662432
1.01033677892631,-0.177425048560604,-0.0308072738931727,1.02706463106218,-0.344137654170619,0.881297009426174,-0.17084095421128
1.01367122374125,-0.177788331708028,-0.0310348848231966,1.02807718835356,-0.342366724071736,0.881613782188912,-0.170358333654621
1.01700566855619,-0.178144465725368,-0.0312547499277094,1.0290836204839,-0.34059338128459,0.881940622150751,-0.169873631129597
1.02034011337112,-0.178493482679599,-0.0314668863058627,1.03008368660943,-0.338818153479058,0.882277395736191,-0.169386882660657
1.02367455818606,-0.178835415511696,-0.0316713130442078,1.03107714851495,-0.337041573786425,0.882623968314755,-0.168898122146188
1.027009003001,-0.179170298012253,-0.0318680512034733,1.03206377069111,-0.33526418059867,0.882980204262922,-0.168407381346578
1.03034344781594,-0.17949816479683,-0.0320571238046655,1.03304332041069,-0.333486517364902,0.88334596702577,-0.167914689873693
1.03367789263088,-0.179819051281032,-0.032238555814496,1.03401556780383,-0.331709132385009,0.883721119178319,-0.16742007518178
1.03701233744582,-0.18013299365534,-0.0324123741301419,1.03498028593222,-0.329932578600614,0.884105522486542,-0.166923562559802
1.04034678226075,-0.180440028859704,-0.0325786075633433,1.03593725086217,-0.328157413383424,0.884499037967995,-0.166425175125195
1.04368122707569,-0.1807401945579,-0.0327372868238446,1.03688624173656,-0.32638419832105,0.884901525952075,-0.165924933819065
1.04701567189063,-0.181033529111677,-0.0328884445021831,1.0378270408457,-0.324613499000394,0.885312846139834,-0.165422857402812
1.05035011670557,-0.181320071554693,-0.0330321150518326,1.03875943369692,-0.322845884788691,0.885732857663362,-0.164918962456179
1.05368456152051,-0.181599861566264,-0.0331683347707076,1.03968320908303,-0.321081928612288,0.886161419144676,-0.164413263376743
1.05701900633545,-0.181872939444925,-0.0332971417820342,1.04059815914954,-0.319322206733256,0.886598388754124,-0.163905772380824
1.06035345115038,-0.182139346081824,-0.0334185760145943,1.04150407946059,-0.317567298523938,0.887043624268236,-0.163396499505824
1.06368789596532,-0.182399122933962,-0.0335326791823504,1.04240076906367,-0.315817786239495,0.887496983127033,-0.162885452613983
1.06702234078026,-0.182652311997281,-0.0336394947634575,1.04328803055294,-0.314074254788583,0.887958322490752,-0.162372637397562
1.0703567855952,-0.182898955779628,-0.0337390679786693,1.04416567013136,-0.312337291502226,0.888427499295956,-0.161858057385429
1.07369123041014,-0.183139097273587,-0.0338314457691475,1.04503349767131,-0.310607485900993,0.888904370311017,-0.161341713951061
1.07702567522508,-0.183372779929219,-0.0339166767736798,1.04589132677395,-0.308885429460572,0.889388792190941,-0.160823606321938
1.08036012004001,-0.183600047626693,-0.0339948113053167,1.04673897482714,-0.307171715375841,0.889880621531509,-0.160303731590345
1.08369456485495,-0.183820944648838,-0.0340659013274339,1.04757626306198,-0.305466938323531,0.890379714922719,-0.159782084725543
1.08702900966989,-0.184035515653632,-0.0341300004292293,1.04840301660782,-0.303771694223585,0.890885929001495,-0.159258658587337
1.09036345448483,-0.184243805646624,-0.0341871638006633,1.0492190645459,-0.3020865799993,0.891399120503653,-0.158733443940998
1.09369789929977,-0.18444585995332,-0.0342374482068504,1.05002423996148,-0.300412193336366,0.89191914631509,-0.15820642947355
1.0970323441147,-0.18464172419153,-0.0342809119619131,1.05081837999446,-0.298749132440895,0.892445863522189,-0.15767760181141
1.10036678892964,-0.184831444243704,-0.0343176149023044,1.05160132588843,-0.297097995796543,0.892979129461402,-0.15714694553936
1.10370123374458,-0.185015066229257,-0.0343476183596118,1.05237292303831,-0.295459381920822,0.893518801768004,-0.156614443220844
1.10703567855952,-0.185192636476901,-0.0343709851328496,1.0531330210363,-0.293833889120712,0.894064738424003,-0.156080075419583
1.11037012337446,-0.185364201497004,-0.0343877794602507,1.0538814737163,-0.292222115247672,0.894616797805165,-0.155543820722487
1.1137045681894,-0.185529807953972,-0.0343980669905683,1.05461813919679,-0.290624657452143,0.895174838727158,-0.155005655763853
1.11703901300433,-0.185689502638683,-0.0344019147538967,1.05534287992197,-0.289042111937665,0.895738720490794,-0.154465555250833
1.12037345781927,-0.185843332440984,-0.0343993911320225,1.05605556270145,-0.287475073714695,0.89630830292633,-0.153923491990163
1.12370790263421,-0.185991344322249,-0.0343905658283161,1.05675605874813,-0.285924136354235,0.89688344643685,-0.153379436916125
1.12704234744915,-0.186133585288033,-0.0343755098371757,1.05744424371455,-0.284389891741377,0.897464012040675,-0.152833359119741
1.13037679226409,-0.186270102360817,-0.0343542954130325,1.05811999772749,-0.282872929828862,0.898049861412809,-0.152285225879165
1.13371123707903,-0.186400942552866,-0.0343269960389308,1.05878320542092,-0.281373838390764,0.898640856925398,-0.151735002691274
1.13704568189396,-0.186526152839213,-0.0342936863946922,1.05943375596729,-0.279893202776396,0.899236861687187,-0.151182653304417
1.1403801267089,-0.186645780130774,-0.0342544423246772,1.06007154310704,-0.278431605664547,0.899837739581965,-0.150628139752328
1.14371457152384,-0.186759871247618,-0.0342093408051538,1.06069646517644,-0.276989626818151,0.900443355305987,-0.150071422389163
1.14704901633878,-0.186868472892397,-0.0341584599112875,1.06130842513369,-0.275567842839497,0.901053574404354,-0.149512459925653
1.15038346115372,-0.186971631623949,-0.0341018787837619,1.06190733058329,-0.274166826926072,0.901668263306349,-0.148951209466346
1.15371790596866,-0.187069393831092,-0.0340396775950444,1.06249309379865,-0.272787148627154,0.902287289359707,-0.148387626547918
1.15705235078359,-0.187161805706613,-0.0339719375153075,1.06306563174294,-0.271429373601249,0.902910520863823,-0.147821665178537
1.16038679559853,-0.187248913221476,-0.0338987406780193,1.06362486608818,-0.270094063374482,0.903537827101874,-0.147253277878249
1.16372124041347,-0.187330762099252,-0.033820170145215,1.06417072323259,-0.268781775100038,0.90416907837186,-0.146682415720369
1.16705568522841,-0.187407397790784,-0.0337363098724623,1.06470313431609,-0.267493061318754,0.904804146016545,-0.146109028373846
1.17039013004335,-0.187478865449104,-0.0336472446735333,1.06522203523409,-0.266228469720979,0.905442902452299,-0.145533064146598
1.17372457485829,-0.187545209904613,-0.0335530601847969,1.06572736664944,-0.264988542909782,0.906085221196825,-0.144954470029761
1.17705901967322,-0.187606475640533,-0.0334538428293427,1.06621907400262,-0.263773818165623,0.90673097689578,-0.144373191742856
1.18039346448816,-0.187662706768644,-0.033349679780851,1.0666971075201,-0.26258482721259,0.90738004534827,-0.143789173779836
1.1837279093031,-0.187713947005323,-0.0332406589272226,1.06716142222094,-0.261422095986286,0.908032303531217,-0.143202359455987
1.18706235411804,-0.187760239647887,-0.0331268688339798,1.06761197792154,-0.260286144403481,0.908687629622607,-0.142612690955655
1.19039679893298,-0.187801627551262,-0.0330083987074535,1.06804873923861,-0.25917748613362,0.909345903023598,-0.142020109380787
1.19373124374792,-0.187838153104981,-0.0328853383577709,1.06847167559035,-0.25809662837229,0.910007004379499,-0.141424554800235
1.19706568856285,-0.187869858210526,-0.0327577781616538,1.06888076119579,-0.257044071616736,0.910670815599608,-0.140825966299818
1.20040013337779,-0.18789678425903,-0.032625809025046,1.06927597507233,-0.256020309443529,0.911337219875919,-0.1402242820331
1.20373457819273,-0.187918972109339,-0.0324895223455797,1.06965730103152,-0.255025828288475,0.912006101700686,-0.139619439272865
1.20706902300767,-0.187936462066455,-0.0323490099748962,1.07002472767298,-0.254061107228871,0.912677346882859,-0.139011374463248
1.21040346782261,-0.187949293860366,-0.0322043641808359,1.07037824837652,-0.253126617768188,0.913350842563368,-0.138400023272514
1.21373791263755,-0.187957506625274,-0.0320556776095093,1.07071786129252,-0.25222282362328,0.914026477229289,-0.137785320646432
1.21707235745248,-0.187961138879235,-0.0319030432472651,1.07104356933048,-0.25135018051422,0.914704140726872,-0.137167200862233
1.22040680226742,-0.18796022850421,-0.0317465543825687,1.07135538014576,-0.250509135956834,0.915383724273432,-0.136545597583108
1.22374124708236,-0.187954812726559,-0.0315863045678042,1.07165330612456,-0.249700129058042,0.916065120468131,-0.135920443913231
1.2270756918973,-0.187944928097962,-0.0314223875810165,1.07193736436716,-0.24892359031408,0.916748223301619,-0.135291672453265
1.23041013671224,-0.187930610476794,-0.0312548973876054,1.07220757666928,-0.248179941411707,0.917432928164579,-0.134659215356324
1.23374458152718,-0.18791189500996,-0.031083928101987,1.07246396950184,-0.247469595032462,0.918119131855143,-0.134023004384357
1.23707902634211,-0.187888816115195,-0.0309095739492366,1.07270657398879,-0.246792954660075,0.918806732585221,-0.133382970964935
1.24041347115705,-0.187861407463843,-0.0307319292267282,1.07293542588332,-0.246150414391111,0.919495629985714,-0.132739046248396
1.24374791597199,-0.187829701964122,-0.0305510882657821,1.07315056554228,-0.245542358748915,0.920185725110658,-0.132091161165315
1.24708236078693,-0.187793731744882,-0.0303671453933391,1.07335203789888,-0.244969162500969,0.920876920440267,-0.131439246484292
1.25041680560187,-0.187753528139869,-0.0301801948936716,1.07353989243367,-0.244431190479708,0.921569119882916,-0.130783232869988
1.25375125041681,-0.187709121672498,-0.0299903309701491,1.07371418314384,-0.2439287974069,0.922262228776058,-0.130123050941414
1.25708569523174,-0.187660542041149,-0.0297976477070703,1.07387496851081,-0.24346232772165,0.922956153886083,-0.129458631330413
1.26042014004668,-0.187607818104985,-0.0296022390315768,1.07402231146609,-0.24303211541211,0.923650803407138,-0.128789904740323
1.26375458486162,-0.187550977870311,-0.0294041986756633,1.0741562793556,-0.242638483850977,0.92434608695892,-0.128116802004774
1.26708902967656,-0.187490048477473,-0.0292036201382976,1.07427694390222,-0.242281745634829,0.92504191558344,-0.1274392541466
1.2704234744915,-0.187425056188306,-0.0290005966476655,1.07438438116673,-0.241962202427401,0.92573820174079,-0.126757192436814
1.27375791930644,-0.187356026374139,-0.0287952211235533,1.07447867150718,-0.241680144806845,0.926434859303905,-0.126070548453647
1.27709236412137,-0.187282983504364,-0.0285875861398845,1.07455989953659,-0.241435852117048,0.927131803552357,-0.125379254141574
1.28042680893631,-0.187205951135575,-0.028377783887423,1.07462815407909,-0.241229592323091,0.927828951165171,-0.124683241870336
1.28376125375125,-0.187124951901281,-0.0281659061366564,1.0746835281245,-0.241061621870883,0.9285262202127,-0.123982444493903
1.28709569856619,-0.187040007502199,-0.0279520442008763,1.07472611878134,-0.240932185551065,0.929223530147553,-0.123276795409348
1.29043014338113,-0.186951138697141,-0.0277362888994653,1.07475602722828,-0.240841516367222,0.929920801794612,-0.122566228615603
1.29376458819607,-0.186858365294488,-0.0275187305214087,1.07477335866416,-0.240789835408467,0.930617957340137,-0.121850678772069
1.297099033011,-0.186761706144259,-0.0272994587890422,1.07477822225637,-0.24077735172647,0.93131492031999,-0.121130081257036
1.30043347782594,-0.186661179130793,-0.0270785628220498,1.07477073108792,-0.240804262216962,0.932011615606981,-0.120404372225891
1.30376792264088,-0.186556801166027,-0.0268561311017272,1.0747510021029,-0.240870751505795,0.932707969397369,-0.119673488669081
1.30710236745582,-0.186448588183391,-0.0266322514355207,1.07471915605066,-0.240976991839585,0.933403909196522,-0.118937368469788
1.31043681227076,-0.186336555132317,-0.0264070109218594,1.0746753174284,-0.241123142981007,0.934099363803766,-0.118195950461305
1.3137712570857,-0.186220715973368,-0.0261804959152907,1.07461961442257,-0.241309352108783,0.934794263296436,-0.11744917448406
1.31710570190063,-0.186101083673989,-0.0259527919919345,1.07455217884872,-0.241535753722407,0.935488539013147,-0.116696981442266
1.32044014671557,-0.18597767020488,-0.0257239839152675,1.07447314609013,-0.241802469551656,0.936182123536313,-0.115939313360171
1.32377459153051,-0.185850486537004,-0.0254941556022529,1.07438265503506,-0.24210960847093,0.936874950673923,-0.115176113437867
1.32710903634545,-0.185719542639222,-0.0252633900898266,1.07428084801277,-0.242457266418455,0.937566955440608,-0.114407326106629
1.33044348116039,-0.185584847476559,-0.0250317695017523,1.07416787072818,-0.242845526320392,0.938258074038007,-0.113632897083765
1.33377792597533,-0.185446409009113,-0.0247993750158612,1.07404387219535,-0.243274458019897,0.938948243834464,-0.112852773426922
1.33711237079026,-0.18530423419159,-0.0245662868316856,1.07390900466976,-0.243744118211142,0.939637403344071,-0.11206690358785
1.3404468156052,-0.185158328973488,-0.0243325841384999,1.07376342357933,-0.244254550378366,0.940325492205083,-0.111275237465564
1.34378126042014,-0.18500869829991,-0.0240983450837829,1.07360728745436,-0.244805784739943,0.941012451157729,-0.11047772645889
1.34711570523508,-0.18485534611303,-0.0238636467421109,1.07344075785627,-0.245397838197539,0.941698222021434,-0.109674323518371
1.35045015005002,-0.184698275354182,-0.0236285650844946,1.07326399930524,-0.246030714290348,0.942382747671484,-0.108864983197482
1.35378459486495,-0.184537487966609,-0.023393174948174,1.07307717920685,-0.246704403154457,0.943065972015156,-0.108049661703154
1.35711903967989,-0.184372984898837,-0.0231575500068785,1.07288046777755,-0.247418881487341,0.943747839967331,-0.107228316945552
1.36045348449483,-0.184204766108698,-0.0229217627415668,1.0726740379692,-0.248174112517533,0.944428297425619,-0.1064009085871
1.36378792930977,-0.184032830567988,-0.0226858844116584,1.07245806539259,-0.248970045979457,0.945107291245022,-0.105567398090707
1.36712237412471,-0.183857176267766,-0.0224499850267652,1.07223272824001,-0.249806618093464,0.945784769212157,-0.104727748767184
1.37045681893965,-0.183677800224288,-0.022214133318936,1.07199820720685,-0.250683751551076,0.946460680019055,-0.103881925821815
1.37379126375458,-0.183494698485579,-0.0219783967154259,1.07175468541236,-0.251601355505443,0.947134973236583,-0.103029896400053
1.37712570856952,-0.183307866138632,-0.0217428413119971,1.07150234831954,-0.252559325567032,0.947807599287488,-0.10217162963233
1.38046015338446,-0.183117297317248,-0.0215075318467663,1.0712413836541,-0.253557543804554,0.948478509419111,-0.101307096677931
1.3837945981994,-0.182922985210493,-0.0212725316746062,1.07097198132277,-0.254595878751125,0.949147655675783,-0.100436270767934
1.38712904301434,-0.182724922071793,-0.0210379027421113,1.0706943333307,-0.255674185415673,0.949814990870925,-0.0995591272471728
1.39046348782928,-0.182523099228636,-0.0208037055631387,1.07040863369821,-0.256792305299592,0.950480468558898,-0.0986756436152013
1.39379793264421,-0.182317507092911,-0.0205699991949326,1.07011507837678,-0.25795006641863,0.951144043006606,-0.0977857995662437
1.39713237745915,-0.182108135171845,-0.0203368412148435,1.06981386516439,-0.259147283330024,0.951805669164889,-0.0968895770280991
1.40046682227409,-0.18189497207956,-0.0201042876976486,1.06950519362027,-0.260383757164861,0.952465302639737,-0.0959869601999803
1.40380126708903,-0.181678005549238,-0.0198723931934855,1.06918926497892,-0.261659275665668,0.953122899663333,-0.0950779355892667
1.40713571190397,-0.181457222445881,-0.0196412107064051,1.06886628206368,-0.262973613229213,0.953778417064976,-0.0941624920471465
1.41047015671891,-0.181232608779674,-0.0194107916735551,1.06853644919971,-0.264326530954506,0.95443181224189,-0.0932406208031298
1.41380460153384,-0.181004149719933,-0.0191811859449989,1.06819997212647,-0.265717776695999,0.95508304312995,-0.0923123154984092
1.41713904634878,-0.180771829609648,-0.0189524417641818,1.06785705790974,-0.267147085121941,0.955732068174359,-0.0913775722180517
1.42047349116372,-0.180535631980595,-0.0187246057490497,1.06750791485318,-0.268614177777892,0.956378846300294,-0.0904363895219991
1.42380793597866,-0.180295539569031,-0.0184977228738285,1.06715275240954,-0.270118763155375,0.957023336883555,-0.0894887684748595
1.4271423807936,-0.180051534331951,-0.0182718364514715,1.06679178109145,-0.271660536765623,0.957665499721223,-0.0885347126744721
1.43047682560854,-0.179803597463907,-0.0180469881167834,1.06642521238193,-0.273239181218419,0.958305295002391,-0.0875742282792259
1.43381127042347,-0.179551709414381,-0.0178232178102253,1.06605325864461,-0.27485436630599,0.958942683278949,-0.0866073240341188
1.43714571523841,-0.179295849905702,-0.0176005637624084,1.06567613303358,-0.276505749091922,0.959577625436486,-0.0856340112955358
1.44048016005335,-0.179035997951507,-0.0173790624792842,1.06529404940323,-0.278192974005079,0.960210082665312,-0.0846543040547359
1.44381460486829,-0.178772131875721,-0.0171587487280346,1.06490722221766,-0.279915672938473,0.960840016431635,-0.0836682189600279
1.44714904968323,-0.178504229332073,-0.0169396555236694,1.06451586646017,-0.281673465353074,0.961467388448921,-0.0826757753376232
1.45048349449817,-0.178232267324118,-0.0167218141163376,1.06412019754241,-0.283465958386494,0.962092160649453,-0.0816769952111518
1.4538179393131,-0.177956222225766,-0.0165052539793548,1.06372043121368,-0.285292746966533,0.96271429515612,-0.0806719033198275
1.45715238412804,-0.177676069802305,-0.0162900027979558,1.06331678346998,-0.287153413929523,0.963333754254466,-0.0796605271352496
1.46048682894298,-0.177391785231913,-0.016076086458773,1.06290947046321,-0.289047530143441,0.96395050036501,-0.0786428968768307
1.46382127375792,-0.177103343127653,-0.0158635290400488,1.06249870841028,-0.290974654635742,0.964564496015882,-0.0776190455258373
1.46715571857286,-0.176810717559921,-0.0156523528025837,1.0620847135024,-0.292934334725858,0.965175703815772,-0.0765890088380349
1.4704901633878,-0.176513882079369,-0.0154425781814253,1.06166770181433,-0.294926106162326,0.965784086427244,-0.0755528253549271
1.47382460820273,-0.176212809740259,-0.0152342237783016,1.06124788921394,-0.296949493264477,0.966389606540424,-0.0745105364135785
1.47715905301767,-0.17590747312427,-0.0150273063548023,1.06082549127175,-0.299004009068654,0.966992226847082,-0.0734621861550149
1.48049349783261,-0.175597844364715,-0.0148218408263093,1.06040072317087,-0.301089155478885,0.967591910015147,-0.0724078215311909
1.48382794264755,-0.175283895171188,-0.0146178402566843,1.05997379961701,-0.303204423421959,0.968188618663662,-0.0713474923105214
1.48716238746249,-0.174965596854602,-0.0144153158537086,1.05954493474889,-0.305349293006862,0.968782315338206,-0.0702812510819657
1.49049683227743,-0.174642920352629,-0.0142142769652842,1.05911434204893,-0.307523233688483,0.969372962486818,-0.0692091532576646
1.49383127709236,-0.174315836255516,-0.0140147310763953,1.05868223425425,-0.309725704435555,0.969960522436424,-0.0681312570741203
1.4971657219073,-0.173984314832271,-0.0138166838068306,1.05824882326812,-0.311956153902755,0.97054495736981,-0.0670476235919184
1.50050016672224,-0.173648326057202,-0.0136201389096708,1.05781432007179,-0.314214020606897,0.971126229303135,-0.0659583166939867
1.50383461153718,-0.173307839636814,-0.0134250982705406,1.05737893463676,-0.316498733107151,0.971704300064045,-0.0648634030823915
1.50716905635212,-0.172962825037015,-0.0132315619076263,1.05694287583762,-0.318809710189224,0.972279131270368,-0.0637629522736632
1.51050350116706,-0.172613251510665,-0.0130395279724598,1.0565063513653,-0.321146361053422,0.97285068430943,-0.0626570365926573
1.51383794598199,-0.172259088125415,-0.0128489927514693,1.05606956764095,-0.323508085506542,0.973418920318017,-0.0615457311649441
1.51717239079693,-0.171900303791849,-0.012659950668297,1.05563272973045,-0.325894274157486,0.973983800162989,-0.0604291139077322
1.52050683561187,-0.171536867291895,-0.0124723942868824,1.05519604125942,-0.328304308616555,0.974545284422571,-0.0593072655193242
1.52384128042681,-0.171168747307519,-0.0122863143153126,1.05475970432904,-0.330737561698328,0.97510333336834,-0.0581802694671062
1.52717572524175,-0.170795912449654,-0.0121016996104364,1.05432391943243,-0.333193397628053,0.975657906947925,-0.057048211974075
1.53051017005669,-0.17041833128738,-0.0119185371832425,1.05388888537187,-0.335671172251473,0.97620896476844,-0.0559111820039042
1.53384461487162,-0.170035972377328,-0.0117368122050005,1.0534547991767,-0.338170233247989,0.976756466080656,-0.0547692712445568
1.53717905968656,-0.169648804293287,-0.0115565080141623,1.05302185602202,-0.340689920347108,0.977300369763952,-0.0536225740904435
1.5405135045015,-0.169256795656019,-0.0113776061240217,1.05259024914829,-0.343229565548064,0.977840634312028,-0.0524711876231373
1.54384794931644,-0.168859915163249,-0.0112000862311314,1.05216016978169,-0.34578849334254,0.978377217819432,-0.0513152115906481
1.54718239413138,-0.168458131619825,-0.0110239262244723,1.05173180705542,-0.348366020940402,0.978910077968883,-0.0501547483852619
1.55051683894632,-0.168051413968031,-0.0108491021953748,1.05130534793192,-0.350961458498358,0.979439172019428,-0.0489899030199584
1.55385128376125,-0.167639731318042,-0.0106755884481874,1.050880977126,-0.353574109351456,0.979964456795432,-0.0478207831034074
1.55718572857619,-0.167223052978493,-0.0105033575116893,1.050458877029,-0.356203270247317,0.980485888676428,-0.0466474988135606
1.56052017339113,-0.166801348487173,-0.0103323801512443,1.05003922763394,-0.358848231583035,0.981003423587821,-0.0454701628698423
1.56385461820607,-0.166374587641793,-0.0101626253816902,1.04962220646171,-0.361508277644633,0.981517016992482,-0.0442888905039518
1.56718906302101,-0.16594274053085,-0.00999406048096137,1.04920798848831,-0.364182686848983,0.982026623883219,-0.0431037994292908
1.57052350783595,-0.16550577756454,-0.00982665100443865,1.04879674607323,-0.366870731988114,0.98253219877616,-0.0419150098090238
1.57385795265088,-0.165063669505732,-0.00966036080002171,1.04838864888891,-0.369571680475784,0.983033695705036,-0.0407226442227856
1.57719239746582,-0.164616387500962,-0.00949515202391964,1.04798386385144,-0.372284794596249,0.983531068216386,-0.0395268276320484
1.58052684228076,-0.164163903111452,-0.00933098515715366,1.04758255505227,-0.375009331755105,0.9840242693657,-0.0383276873441656
1.5838612870957,-0.163706188344125,-0.00916781902276701,1.04718488369136,-0.377744544732131,0.984513251714494,-0.0371253529751014
1.58719573191064,-0.163243215682613,-0.00900561080373411,1.04679100801137,-0.38048968193601,0.984997967328323,-0.0359199564108642
1.59053017672558,-0.162774958118224,-0.00884431606156607,1.04640108323321,-0.38324398766085,0.985478367775768,-0.0347116317676612
1.59386462154051,-0.162301389180875,-0.00868388875560293,1.04601526149288,-0.386006702344386,0.985954404128362,-0.0335005153507877
1.59719906635545,-0.161822482969953,-0.00852428126298758,1.04563369177956,-0.388777062827779,0.986426026961496,-0.0322867456122689
1.60053351117039,-0.161338214185106,-0.00836544439931448,1.04525651987511,-0.3915543026169,0.986893186356291,-0.0310704631072734
1.60386795598533,-0.160848558156938,-0.00820732743994455,1.04488388829486,-0.39433765214499,0.987355831902451,-0.0298518104493162
1.60720240080027,-0.160353490877597,-0.00804987814198039,1.04451593622987,-0.397126339036624,0.98781391270209,-0.0286309322642681
1.61053684561521,-0.159852989031234,-0.00789304276689306,1.04415279949052,-0.399919588372829,0.988267377374553,-0.0274079751431948
1.61387129043014,-0.159347030024324,-0.00773676610379205,1.04379461045158,-0.402716622957302,0.988716174062215,-0.0261830875940411
1.61720573524508,-0.158835592015835,-0.00758099149333158,1.0434414979987,-0.405516663583585,0.989160250437274,-0.0249564199921869
1.62054018006002,-0.158318653947216,-0.0074256608522434,1.04309358747638,-0.408318929303108,0.989599553709539,-0.0237281245298912
1.62387462487496,-0.157796195572207,-0.00727071469848806,1.04275100063747,-0.411122637694006,0.990034030635198,-0.0224983551646487
1.6272090696899,-0.157268197486434,-0.00711609217701534,1.04241385559413,-0.41392700513058,0.990463627526592,-0.0212672675664811
1.63054351450484,-0.156734641156798,-0.00696173108612435,1.04208226677037,-0.416731247053325,0.990888290262973,-0.0200350190641839
1.63387795931977,-0.156195508950614,-0.00680756790441483,1.04175634485609,-0.41953457823939,0.991307964302252,-0.0188017685905579
1.63721240413471,-0.155650784164516,-0.00665353781831869,1.04143619676278,-0.422336213073394,0.99172259469374,-0.0175676766266422
1.64054684894965,-0.155100451053082,-0.00649957475020287,1.04112192558069,-0.425135365818467,0.992132126091872,-0.0163329051449797
1.64388129376459,-0.154544494857184,-0.00634561138703291,1.0408136305377,-0.427931250887425,0.992536502770915,-0.0150976175519367
1.64721573857953,-0.153982901832039,-0.00619157920958688,1.04051140695979,-0.430723083113974,0.992935668640657,-0.0138619786291021
1.65055018339446,-0.153415659274952,-0.00603740852220927,1.04021534623311,-0.433510078023825,0.993329567263068,-0.0126261544737947
1.6538846282094,-0.152842755552725,-0.00588302848309385,1.03992553576776,-0.436291452105624,0.993718141869933,-0.0113903124387039
1.65721907302434,-0.152264180128725,-0.00572836713508499,1.03964205896318,-0.439066423081588,0.994101335381449,-0.0101546210706905
1.66055351783928,-0.151679923589603,-0.00557335143698519,1.03936499517528,-0.441834210177749,0.994479090425777,-0.00891925004877486
1.66388796265422,-0.151089977671624,-0.00541790729535868,1.03909441968521,-0.444594034393686,0.994851349359548,-0.00768437012134079
1.66722240746916,-0.150494335286626,-0.00526195959681908,1.03883040366987,-0.447345118771654,0.99521805428931,-0.00645015304258568
1.67055685228409,-0.149892990547566,-0.00510543224078853,1.03857301417414,-0.450086688664993,0.995579147093905,-0.00521677150824158
1.67389129709903,-0.149285938793655,-0.00494824817271779,1.03832231408481,-0.452817972005725,0.99593456944778,-0.00398439909059982
1.67722574191397,-0.148673176615061,-0.00479032941775371,1.03807836210631,-0.455538199571227,0.996284262845202,-0.00275321017286601
1.68056018672891,-0.148054701877165,-0.00463159711484276,1.03784121273808,-0.458246605249879,0.996628168625393,-0.00152337988287717
1.68389463154385,-0.147430513744357,-0.00447197155125785,1.03761091625386,-0.460942426305577,0.996966227998539,-0.000295084026212557
1.68722907635879,-0.146800612703366,-0.00431137219753551,1.03738751868258,-0.463624903641028,0.9972983820727,0.000931500981276383
1.69056352117372,-0.146165000586091,-0.00414971774281084,1.03717106179115,-0.46629328205969,0.997624571881576,0.00215619818147906
1.69389796598866,-0.145523680591943,-0.00398692613053756,1.03696158306895,-0.468946810526299,0.997944738413139,0.00337883014255637
1.6972324108036,-0.144876657309665,-0.00382291459457883,1.03675911571419,-0.471584742425844,0.998258822639104,0.00459921902795494
1.70056685561854,-0.144223936738628,-0.00365759969565741,1.03656368862197,-0.474206335820913,0.998566765545228,0.00581718666587245
1.70390130043348,-0.143565526309588,-0.00349089735815021,1.0363753263742,-0.476810853707294,0.998868508162429,0.00703255461914189
1.70723574524842,-0.142901434904884,-0.00332272290721378,1.03619404923133,-0.479397564267754,0.999163991598695,0.00824514425550672
1.71057019006335,-0.142231672878079,-0.00315299110622825,1.03601987312584,-0.481965741123873,0.999453157071786,0.00945477681824709
1.71390463487829,-0.141556252073014,-0.00298161619454451,1.03585280965758,-0.484514663585853,0.999735945942694,0.0106612734971312
1.71723907969323,-0.140875185842277,-0.00280851192552107,1.03569286609089,-0.487043616900197,1.00001229974986,0.0118644554996541
1.72057352450817,-0.140188489065069,-0.00263359160483749,1.03554004535355,-0.489551892495171,1.00028216024411,0.013064144122532
1.72390796932311,-0.139496178164452,-0.00245676812906825,1.03539434603757,-0.49203878822394,1.00054546942432,0.0142601608234215
1.72724241413805,-0.138798271123979,-0.00227795402450462,1.0352557624017,-0.494503608605304,1.00080216957376,0.0154523272928256
1.73057685895298,-0.138094787503676,-0.00209706148620931,1.03512428437589,-0.496945665061924,1.00105220329715,0.0166404655261572
1.73391130376792,-0.13738574845539,-0.00191400241728924,1.03499989756743,-0.499364276155959,1.0012955135583,0.0178243978959211
1.73724574858286,-0.136671176737462,-0.0017286884683722,1.03488258326898,-0.501758767822009,1.00153204371844,0.0190039472239881
1.7405801933978,-0.135951096728748,-0.00154103107727269,1.03477231846834,-0.504128473597297,1.00176173757518,0.0201789368539188
1.74391463821274,-0.135225534441946,-0.00135094150883221,1.03466907586012,-0.506472734848977,1.00198453940197,0.0213491907233089
1.74724908302768,-0.13449451753624,-0.00115833089491836,1.03457282385909,-0.508790900998507,1.00220039398829,0.0225145334361213
1.75058352784261,-0.13375807532925,-0.000963110274569414,1.03448352661539,-0.511082329742972,1.00240924668018,0.023674790334967
1.75391797265755,-0.133016238808263,-0.000765190634267972,1.03440114403154,-0.513346387273299,1.00261104342149,0.0248297875733049
1.75725241747249,-0.132269040640752,-0.000564482948329858,1.03432563178115,-0.515582448489271,1.00280573079551,0.0259793521875233
1.76058686228743,-0.13151651518417,-0.000360898219391316,1.0342569413295,-0.517789897211252,1.00299325606713,0.0271233121688728
1.76392130710237,-0.130758698495008,-0.000154347518981997,1.0341950199558,-0.519968126388552,1.00317356722542,0.0282614965352097
1.76725575191731,-0.129995628337106,5.52579718338619e-05,1.03413981077726,-0.522116538304354,1.00334661302669,0.0293937354025236
1.77059019673224,-0.129227344189221,0.000268006921761397,1.03409125277488,-0.524234544777109,1.00351234303789,0.0305198600562087
1.77392464154718,-0.128453887251826,0.000483987808541078,1.03404928082098,-0.526321567358355,1.00367070768043,0.0316397030220484
1.77725908636212,-0.127675300453156,0.000703288878190573,1.03401382570844,-0.528377037526844,1.00382165827436,0.0327530981368782
1.78059353117706,-0.126891628454465,0.000925998104238736,1.03398481418169,-0.530400396878951,1.00396514708284,0.0338598806188936
1.783927975992,-0.126102917654522,0.00115220314696604,1.03396216896939,-0.532391097315243,1.00410112735694,0.0349598871375657
1.78726242080694,-0.125309216193306,0.0013819913126684,1.03394580881875,-0.534348601223188,1.00422955338069,0.0360529558831389
1.79059686562187,-0.124510573954916,0.0016154495129575,1.03393564853158,-0.536272381655897,1.00435038051639,0.0371389266356672
1.79393131043681,-0.123707042569686,0.00185266422411467,1.03393159900198,-0.538161922506854,1.00446356525014,0.0382176408335638
1.79726575525175,-0.122898675415491,0.00209372144651304,1.03393356725568,-0.540016718680566,1.00456906523757,0.0392889416416274
1.80060020006669,-0.122085527618249,0.00233870666412306,1.03394145649102,-0.54183627625906,1.00466683934969,0.0403526740185121
1.80393464488163,-0.121267656051613,0.00258770480411625,1.03395516612149,-0.543620112664178,1.00475684771889,0.0414086847836082
1.80726908969657,-0.120445119335844,0.00284080019658399,1.03397459181996,-0.545367756815609,1.0048390517851,0.0424568226833044
1.8106035345115,-0.119617977835861,0.00309807653438461,1.0339996255644,-0.547078749284585,1.00491341434196,0.0434969384565949
1.81393797932644,-0.118786293658474,0.00335961683313518,1.03403015568523,-0.548752642443212,1.00497989958302,0.0445288849000018
1.81727242414138,-0.117950130648786,0.00362550339136247,1.03406606691413,-0.550389000609353,1.00503847314806,0.0455525169317813
1.82060686895632,-0.117109554385764,0.00389581775082875,1.03410724043451,-0.551987400187035,1.00508910216928,0.0465676916553798
1.82394131377126,-0.11626463217698,0.00417064065704652,1.03415355393331,-0.553547429802308,1.00513175531752,0.0475742684221131
1.8272757585862,-0.11541543305252,0.00445005201999802,1.03420488165445,-0.555068690434531,1.00516640284839,0.0485721088930329
1.83061020340113,-0.114562027758049,0.00473413087507448,1.03426109445363,-0.556550795543016,1.00519301664829,0.0495610770999558
1.83394464821607,-0.113704488747051,0.00502295534424838,1.03432205985459,-0.557993371188999,1.00521157028029,0.0505410395056172
1.83727909303101,-0.112842890172221,0.0053166025974954,1.03438764210685,-0.559396056152888,1.00522203902991,0.0515118650629296
1.84061353784595,-0.111977307876017,0.00561514881447944,1.03445770224476,-0.560758502046757,1.00522439995057,0.0524734252733064
1.84394798266089,-0.111107819380386,0.00591866914651573,1.03453209814801,-0.56208037342203,1.00521863190899,0.0534255942440297
1.84728242747583,-0.110234503875634,0.00622723767882648,1.03461068460338,-0.563361347872342,1.00520471563021,0.0543682487446307
1.85061687229076,-0.109357442208474,0.00654092739310329,1.03469331336796,-0.564601116131513,1.00518263374236,0.0553012682622527
1.8539513171057,-0.108476716869223,0.00685981013039041,1.03477983323348,-0.565799382166632,1.00515237082114,0.0562245350559723
1.85728576192064,-0.107592411978171,0.00718395655430335,1.03487009009213,-0.566955863266197,1.0051139134339,0.0571379342100487
1.86062020673558,-0.106704613271117,0.00751343611459695,1.03496392700343,-0.568070290123291,1.00506725018342,0.0580413536860776
1.86395465155052,-0.105813408084062,0.00784831701109624,1.03506118426247,-0.569142406913775,1.00501237175121,0.0589346843740193
1.86728909636546,-0.10491888533709,0.00818866615800408,1.03516169946925,-0.570171971369456,1.00494927094042,0.0598178201420779
1.87062354118039,-0.104021135517405,0.00853454914859986,1.03526530759921,-0.57115875484622,1.00487794271822,0.0606906578854068
1.87395798599533,-0.103120250661554,0.00888603022034146,1.03537184107494,-0.572102542387112,1.00479838425781,0.061553097573611
1.87729243081027,-0.102216324336826,0.00924317222038529,1.03548112983897,-0.573003132780325,1.0047105949797,0.0624050422970296
1.88062687562521,-0.101309451621842,0.00960603657153673,1.0355930014276,-0.57386033861211,1.00461457659266,0.0632463983117677
1.88396132044015,-0.10039972908632,0.00997468323864385,1.03570728104587,-0.574673986314567,1.00451033313389,0.064077075083457
1.88729576525509,-0.0994872547700483,0.0103491706954482,1.03582379164349,-0.575443916208321,1.00439787100866,0.0648969853297237
1.89063021007002,-0.0985721281610477,0.0107295558919045,1.03594235399177,-0.576169982540062,1.00427719902932,0.06570604506134
1.89396465488496,-0.09765445017294,0.0111158942219824,1.03606278676152,-0.576852053514952,1.00414832845354,0.0665041736220377
1.8972990996999,-0.0967343231215267,0.0115082394919628,1.03618490660194,-0.577490011323882,1.00401127302195,0.0672912937269645
1.90063354451484,-0.0958118507005838,0.0119066438892398,1.03630852822025,-0.578083752165582,1.00386604899496,0.0680673314997599
1.90396798932978,-0.0948871379568801,0.012311157951642,1.0364334644624,-0.57863318626358,1.00371267518888,0.0688322165082333
1.90730243414471,-0.0939602912644233,0.0127218305372836,1.03655952639444,-0.579138237878009,1.00355117301114,0.0695858817986255
1.91063687895965,-0.0930314182979458,0.0131387087949584,1.0366865233848,-0.579598845312268,1.00338156649482,0.070328263928432
1.91397132377459,-0.0921006280056335,0.0135618381350862,1.0368142631873,-0.580014960914538,1.00320388233222,0.0710593029977744
1.91730576858953,-0.0911680305811091,0.0139912622012248,1.03694255202488,-0.580386551074157,1.00301814990761,0.0717789426792999
1.92064021340447,-0.0902337374346773,0.0144270228421576,1.0370711946741,-0.580713596212877,1.00282440132902,0.072487130246592
1.92397465821941,-0.0892978611638399,0.0148691600845676,1.03719999455027,-0.580996090770986,1.00262267145916,0.0731838166010792
1.92730910303434,-0.0883605155230912,0.0153177121063094,1.0373287537932,-0.58123404318834,1.00241299794534,0.073868956297425
1.93064354784928,-0.0874218153930022,0.015772715210289,1.03745727335358,-0.581427475880298,1.00219542124835,0.0745425075673837
1.93397799266422,-0.0864818767486065,0.0162342037989602,1.03758535307996,-0.581576425208583,1.00196998467044,0.0752044323421095
1.93731243747916,-0.0855408166270929,0.0167022103494512,1.03771279180621,-0.581680941447085,1.00173673438216,0.0758546962729058
1.9406468822941,-0.0845987530948212,0.0171767653893272,1.0378393874395,-0.58174108874264,1.00149571944817,0.0764932687504019
1.94398132710904,-0.0836558052136687,0.0176578974730008,1.03796493704878,-0.581756945070784,1.00124699185195,0.0771201229221443
1.94731577192397,-0.0827120930067178,0.0181456331587999,1.03808923695364,-0.581728602186536,1.00099060651942,0.0777352357085949
1.95065021673891,-0.0817677374233013,0.0186399969866996,1.03821208281359,-0.581656165570206,1.00072662134135,0.0783385878175216
1.95398466155385,-0.0808228603034124,0.0191410114567296,1.03833326971772,-0.581539754368288,1.00045509719469,0.0789301637567749
1.95731910636879,-0.0798775843414941,0.0196486970080646,1.03845259227465,-0.581379501329438,1.00017609796266,0.0795099518454399
1.96065355118373,-0.0789320330496198,0.0201630719988058,1.03856984470281,-0.581175552735602,0.999889690553624,0.0800779442233576
1.96398799599867,-0.07798633072008,0.0206841526864614,1.03868482092089,-0.580928068328297,0.999595944918773,0.0806341368590052
1.9673224408136,-0.0770406023873848,0.0212119532091361,1.03879731463864,-0.580637221230105,0.999294934068502,0.0811785295557325
1.97065688562854,-0.0760949737897012,0.0217464855674322,1.03890711944772,-0.580303197861409,0.998986734087545,0.0817111259563445
1.97399133044348,-0.0751495713297327,0.0222877596070766,1.0390140289128,-0.579926197852413,0.998671424148802,0.0822319335460291
1.97732577525842,-0.0742045220350615,0.0228357830022733,1.03911783666269,-0.579506433950485,0.998349086525844,0.0827409636536224
1.98066022007336,-0.0732599535179631,0.0233905612397949,1.03921833648157,-0.579044131922876,0.998019806604092,0.0832382314512103
1.9839946648883,-0.0723159939347117,0.0239520976038142,1.03931532240031,-0.578539530454849,0.99768367289063,0.083723755952062
1.98732910970323,-0.0713727719443893,0.0245203931614859,1.03940858878769,-0.577992881043278,0.997340777022645,0.0841975600068946
1.99066355451817,-0.0704304166672149,0.0250954467492816,1.03949793044167,-0.577404447885754,0.996991213774484,0.0846596702984663
1.99399799933311,-0.0694890576424086,0.0256772549600868,1.03958314268053,-0.576774507765266,0.996635081063292,0.0851101173344989
1.99733244414805,-0.0685488247856085,0.0262658121310614,1.03966402143396,-0.576103349930483,0.996272479953227,0.0855489354389294
2.00066688896299,-0.0676098483458533,0.0268611103322733,1.03974036333396,-0.575391275971732,0.995903514658236,0.0859761627414917
2.00400133377793,-0.0666722588621518,0.0274631393561056,1.03981196580554,-0.574638599692684,0.995528292543377,0.0863918411656289
2.00733577859286,-0.0657361871196504,0.0280718867074453,1.03987862715729,-0.573845646977841,0.995146924124658,0.0867960164147426
2.0106702234078,-0.0648017641054213,0.0286873375946558,1.0399401466716,-0.573012755655862,0.994759523067409,0.0871887379567776
2.01400466822274,-0.0638691209638822,0.0293094749213388,1.03999632469467,-0.5721402753588,0.994366206183138,0.0875700590071504
2.01733911303768,-0.0629383889518732,0.029938279278887,1.0400469627261,-0.571228567377315,0.99396709342489,0.0879400365100227
2.02067355785262,-0.0620096993933992,0.0305737289398337,1.04009186350826,-0.570278004511915,0.99356230788108,0.0882987311179297
2.02400800266756,-0.0610831836340642,0.031215799852,1.04013083111511,-0.569288970920302,0.993151975767788,0.0886462071697647
2.02734244748249,-0.0601589729952095,0.0318644656334444,1.04016367104072,-0.568261861960891,0.992736226419521,0.0889825326671319
2.03067689229743,-0.0592371987277763,0.0325196975682165,1.0401901902872,-0.567197084032559,0.992315192278408,0.0893077792490723
2.03401133711237,-0.0583179919659135,0.0331814646029154,1.04021019745228,-0.566095054410711,0.991889008881851,0.0896220221651723
2.03734578192731,-0.0574014836803442,0.0338497333440597,1.04022350281619,-0.564956201079717,0.99145781484859,0.0899253402470645
2.04068022674225,-0.0564878046315152,0.0345244680562634,1.04022991842807,-0.563780962561814,0.991021751863202,0.0902178158783315
2.04401467155719,-0.0555770853225443,0.0352056306612261,1.04022925819178,-0.562569787742523,0.990580964659013,0.0904995349628215
2.04734911637212,-0.0546694559519871,0.0358931807375346,1.040221337951,-0.561323135692678,0.990135600999421,0.090770586891391
2.05068356118706,-0.0537650463664421,0.0365870755212772,1.04020597557371,-0.560041475487131,0.989685811657626,0.0910310645070829
2.054018006002,-0.0528639860130131,0.0372872699074722,1.04018299103597,-0.558725286020218,0.989231750394761,0.0912810640687566
2.05735245081694,-0.0519664038916485,0.0379937164523094,1.04015220650491,-0.557375055818065,0.988773573936423,0.0915206852131816
2.06068689563188,-0.0510724285073789,0.0387063653762064,1.04011344642098,-0.555991282847805,0.988311441947601,0.0917500309156106
2.06402134044682,-0.0501821878224695,0.0394251645676774,1.04006653757941,-0.554574474323798,0.987845517005994,0.0919692074488473
2.06735578526175,-0.0492958092085121,0.0401500595880142,1.04001130921076,-0.553125146510942,0.987375964573734,0.0921783243408237
2.07069023007669,-0.0484134193984722,0.0408809936767793,1.0399475930607,-0.551643824525141,0.986902952967483,0.0923774943307054
2.07402467489163,-0.0475351444387144,0.0416179077581089,1.03987522346878,-0.550131042131025,0.986426653326948,0.0925668333235409
2.07735911970657,-0.0466611096410257,0.0423607404478245,1.03979403744636,-0.548587341537014,0.985947239581772,0.0927464603434737
2.08069356452151,-0.0457914395346559,0.043109428061351,1.03970387475349,-0.547013273187801,0.985464888416833,0.0929164974855359
2.08402800933645,-0.0449262578183972,0.0438639046224406,1.03960457797487,-0.545409395554346,0.984979779235948,0.093077069866043
2.08736245415138,-0.0440656873127241,0.0446241018726955,1.03949599259472,-0.543776274921472,0.984492094123973,0.0932283055716089
2.09069689896632,-0.0432098499120106,0.045389949281894,1.03937796707059,-0.542114485173152,0.984002017807316,0.093370335606804
2.09403134378126,-0.0423588665368509,0.046161374059109,1.03925035290617,-0.540424607575575,0.983509737612875,0.0935032938404751
2.0973657885962,-0.0415128570864981,0.0469383011646219,1.03911300472286,-0.538707230558075,0.983015443425387,0.0936273169507517
2.10070023341114,-0.0406719403914473,0.0477206533226247,1.03896578033031,-0.536962949492035,0.982519327643217,0.0937425443687602
2.10403467822608,-0.0398362341661803,0.0485083510347068,1.03880854079569,-0.535192366467832,0.982021585132575,0.0938491182210691
2.10736912304101,-0.0390058549620944,0.0493013125941233,1.0386411505118,-0.533396090069939,0.981522413180192,0.093947183270889
2.11070356785595,-0.0381809181206339,0.0500994541008402,1.03846347726398,-0.531574735150264,0.981022011444445,0.0940368868580541
2.11403801267089,-0.0373615377266494,0.0509026894773501,1.03827539229571,-0.529728922599816,0.980520581904955,0.0941183788378064
2.11737245748583,-0.0365478265619995,0.0517109304852564,1.03807677037295,-0.527859279118816,0.980018328810661,0.0941918115184124
2.12070690230077,-0.0357398960594218,0.0525240867426169,1.03786748984719,-0.525966436985311,0.979515458626388,0.0942573395976352
2.12404134711571,-0.0349378562566901,0.0533420657420442,1.03764743271711,-0.524051033822425,0.979012179977924,0.094315120098091
2.12737579193064,-0.0341418157510801,0.0541647728695549,1.03741648468898,-0.522113712364315,0.978508703595607,0.0943653123015164
2.13071023674558,-0.0333518816541619,0.0549921114241646,1.03717453523556,-0.520155120220939,0.97800524225646,0.0944080776819747
2.13404468156052,-0.0325681595469444,0.0558239826382167,1.03692147765367,-0.518175909641732,0.977502010724863,0.0944435798380288
2.13737912637546,-0.0317907534353868,0.0566602856984455,1.03665720912029,-0.516176737278286,0.976999225691798,0.0944719844239114
2.1407135711904,-0.0310197657063028,0.0575009177677591,1.03638163074725,-0.514158263946129,0.976497105712679,0.0944934590797195
2.14404801600534,-0.0302552970836722,0.0583457740077417,1.03609464763439,-0.512121154385701,0.97599587114378,0.0945081733606652
2.14738246082027,-0.0294974465853859,0.0591947476018633,1.03579616892128,-0.510066077022625,0.975495744077288,0.0945162986654115
2.15071690563521,-0.0287463114804404,0.0600477297793899,1.03548610783736,-0.507993703727372,0.974996948274997,0.0945180081635258
2.15405135045015,-0.0280019872466032,0.0609046098399885,1.03516438175057,-0.505904709574411,0.974499709100656,0.0945134767220796
2.15738579526509,-0.0272645675285696,0.0617652751790155,1.03483091221445,-0.503799772600944,0.97400425345101,0.094502880831429
2.16072024008003,-0.0265341440966299,0.0626296113134819,1.03448562501363,-0.501679573565332,0.973510809685542,0.0944863985302058
2.16405468489496,-0.0258108068058661,0.0634975019086865,1.0341284502077,-0.499544795705289,0.973019607554935,0.0944642093295531
2.1673891297099,-0.0250946435558993,0.064368828805508,1.0337593221735,-0.497396124495966,0.972530878128298,0.0944364941366375
2.17072357452484,-0.0243857402512064,0.0652434720483453,1.0333781796458,-0.495234247408001,0.972044853719161,0.0944034351774709
2.17405801933978,-0.023684180762024,0.0661213099136988,1.03298496575626,-0.493059853665641,0.971561767810269,0.0943652159190769
2.17739246415472,-0.0229900468858601,0.0670022189393829,1.03257962807079,-0.490873634005031,0.971081854977203,0.0943220209910335
2.18072690896966,-0.0223034183096327,0.0678860739543564,1.03216211862519,-0.488676280432773,0.970605350810865,0.0942740361064287
2.18406135378459,-0.0216243725724513,0.0687727481091675,1.03173239395912,-0.486468485984829,0.970132491838822,0.0942214479822612
2.18739579859953,-0.0209529850290641,0.0696621129069936,1.03129041514832,-0.484250944485894,0.969663515445584,0.0941644442593229
2.19073024341447,-0.0202893288139843,0.070554038235275,1.03083614783518,-0.48202435030931,0.969198659791796,0.0941032134215979
2.19406468822941,-0.0196334748063175,0.0714483923979256,1.03036956225748,-0.479789398137625,0.968738163732412,0.0940379447152125
2.19739913304435,-0.0189854915953047,0.072345042148111,1.02989063327546,-0.477546782723889,0.968282266733861,0.0939688280669719
2.20073357785929,-0.0183454454466023,0.0732438527215846,1.02939934039707,-0.475297198653786,0.967831208790238,0.0938960540025216
2.20406802267422,-0.0177134002693116,0.0741446878705681,1.0288956678015,-0.473041340108684,0.967385230338558,0.0938198135641663
2.20740246748916,-0.0170894175837796,0.0750474098981651,1.0283796043609,-0.470779900629707,0.966944572173098,0.0937402982283849
2.2107369123041,-0.0164735564901847,0.0759518796932989,1.0278511436603,-0.468513572882911,0.966509475358861,0.0936576998230772
2.21407135711904,-0.015865873637925,0.0768579567661581,1.02731028401577,-0.466243048425667,0.966080181144203,0.0935722104445789
2.21740580193398,-0.0152664231958251,0.0777654992841423,1.02675702849072,-0.463969017474322,0.965656930872644,0.0934840223744819
2.22074024674892,-0.0146752568231781,0.0786743641082922,1.02619138491041,-0.461692168673249,0.965239965893907,0.0933933279962964
2.22407469156385,-0.0140924236416384,0.0795844068301926,1.02561336587468,-0.459413188865364,0.964829527474215,0.0933003197119922
2.22740913637879,-0.0135179702079789,0.0804954818093381,1.02502298876875,-0.457132762864197,0.96442585670589,0.0932051898584561
2.23074358119373,-0.0129519404877302,0.0814074422109456,1.02442027577231,-0.4548515732276,0.964029194416272,0.0931081306239026
2.23407802600867,-0.0123943758297157,0.0823201400442012,1.02380525386666,-0.452570300033201,0.963639781076022,0.0930093339642753
2.23741247082361,-0.0118453149414951,0.0832334262009309,1.02317795484009,-0.450289620655652,0.963257856706813,0.0929089915196756
2.24074691563855,-0.0113047938657349,0.0841471504946783,1.02253841529136,-0.448010209545794,0.962883660788478,0.0928072945308568
2.24408136045348,-0.0107728459575143,0.0850611617001783,1.02188667663139,-0.44573273801179,0.962517432165634,0.0927044337558213
2.24741580526842,-0.0102495018625839,0.0859753075932148,1.02122278508301,-0.443457874002331,0.962159408953825,0.0926005993865566
2.25075025008336,-0.00973478949658897,0.0868894349908429,1.02054679167899,-0.441186281891985,0.961809828445227,0.092495980965949
2.2540846948983,-0.00922873402527019,0.087803389791969,1.01985875225809,-0.438918622268766,0.961468927013948,0.0923907673049116
2.25741913971324,-0.0087313578456531,0.0887170170182704,1.01915872745933,-0.436655551724017,0.961136940020966,0.0922851463997638
2.26075358452818,-0.00824268056824094,0.089630160855442,1.01844678271443,-0.434397722644669,0.960814101718755,0.0921793053498997
2.26408802934311,-0.00776271900021932,0.0905426646947548,1.01772298823831,-0.432145783007955,0.960500645155615,0.092073430275782
2.26742247415805,-0.00729148712968652,0.0914543711749155,1.01698741901788,-0.429900376178663,0.960196802079774,0.091967706237299
2.27075691897299,-0.00682899611091951,0.0923651222242065,1.01624015479883,-0.427662140709,0.959902802843286,0.0918623171525216
2.27409136378793,-0.00637525425068512,0.0932747591028998,1.01548128007074,-0.425431710141124,0.95961887630578,0.0917574457168951
2.27742580860287,-0.00593026699560824,0.0941831224459233,1.01471088405027,-0.423209712812441,0.959345249738079,0.0916532733229052
2.28076025341781,-0.00549403692060536,0.0950900523057706,1.01392906066249,-0.420996771663714,0.959082148725767,0.0915499799802535
2.28409469823274,-0.00506656371839314,0.095995388195635,1.0131359085205,-0.418793504050064,0.958829797072707,0.0914477442365764
2.28742914304768,-0.00464784419008178,0.0968989691327558,1.01233153090313,-0.416600521554939,0.958588416704585,0.0913467430987477
2.29076358786262,-0.00423787223685997,0.097800633681962,1.0115160357309,-0.414418429807087,0.958358227572507,0.0912471519547968
2.29409803267756,-0.00383663885278038,0.0987002199993981,1.01068953554014,-0.412247828300634,0.958139447556694,0.09114914449648
2.2974324774925,-0.00344413211865379,0.0995975658764162,1.00985214745533,-0.410089310218303,0.957932292370317,0.0910528926425392
2.30076692230744,-0.00306033719705764,0.100492508783622,1.00900399315968,-0.407943462257847,0.957736975463524,0.0909585664626848
2.30410136712237,-0.00268523632846719,0.101384885915056,1.00814519886395,-0.405810864461754,0.957553707927695,0.0908663341023344
2.30743581193731,-0.00231880882851463,0.102274534232499,1.00727589527343,-0.403692090050283,0.957382698399974,0.090776361708145
2.31077025675225,-0.00196103108638232,0.103161290509886,1.00639621755326,-0.401587705257881,0.957224152968109,0.0906888133543701
2.31410470156719,-0.00161187656433518,0.104044991377807,1.00550630529199,-0.399498269173051,0.957078275075669,0.0906038509700773
2.31743914638213,-0.00127131579839771,0.104925473368092,1.00460630246342,-0.397424333581702,0.956945265427657,0.0905216342672587
2.32077359119707,-0.000939316400179812,0.105802572958454,1.00369635738666,-0.395366442814058,0.956825321896575,0.0904423206698681
2.324108036012,-0.000615843059855697,0.106676126617182,1.00277662268465,-0.393325133595154,0.95671863942899,0.0903660652438164
2.32744248082694,-0.00030085755029872,0.107545970847862,1.00184725524083,-0.391300934898989,0.956625409952632,0.0902930206279582
2.33077692564188,5.68126762425522e-06,0.108411942234118,1.00090841615428,-0.389294367806352,0.956545822284078,0.0902233369661024
2.33411137045682,0.000303817438595664,0.109273877484355,0.999960270693095,-0.387305945366406,0.956480062037068,0.090157161840076
2.33744581527176,0.000593597905226979,0.110131613476488,0.999002988246257,-0.38533617246204,0.956428311531486,0.0900946402038732
2.3407802600867,0.000875072499271546,0.110984987302643,0.998036742273779,-0.383385545679041,0.956390749703061,0.0900359143189222
2.34411470490163,0.00114829393167089,0.111833836313814,0.997061710255315,-0.381454553179138,0.956367552013829,0.0899811236904955
2.34744914971657,0.00141331778143307,0.112677998164464,0.99607807363718,-0.379543674576934,0.956358890363394,0.0899304050052981
2.35078359453151,0.00167020248334316,0.113517310857052,0.995086017777805,-0.377653380820781,0.956364933001042,0.0898838920702585
2.35411803934645,0.00191900931450562,0.114351612786469,0.994085731891658,-0.375784134077627,0.956385844438743,0.089841715752554
2.35745248416139,0.00215980237972008,0.115180742784377,0.99307740899166,-0.373936387621853,0.956421785365093,0.0898040039208969
2.36078692897633,0.00239264859569113,0.116004540163423,0.992061245830076,-0.372110585728163,0.956472912560224,0.0897708813881096
2.36412137379126,0.00261761767407404,0.116822844761333,0.991037442837964,-0.370307163568515,0.956539378811741,0.0897424698550153
2.3674558186062,0.00283478210335872,0.11763549698484,0.990006204063145,-0.368526547113162,0.956621332831729,0.089718887855671
2.37079026342114,0.00304421712959427,0.11844233785347,0.988967737106755,-0.366769153035793,0.95671891917485,0.0897002507039682
2.37412470823608,0.00324600073595779,0.119243209043139,0.987922253058395,-0.365035388622818,0.956832278157604,0.0896866704416276
2.37745915305102,0.00344021362117073,0.120037952929565,0.986869966429884,-0.363325651686814,0.956961545778773,0.0896782557876101
2.38079359786596,0.00362693917676706,0.120826412631472,0.985811095087664,-0.361640330484145,0.957106853641096,0.089675112088972
2.38412804268089,0.00380626346321803,0.121608432053579,0.984745860183869,-0.359979803636786,0.957268328874217,0.0896773412731829
2.38746248749583,0.00397827518491823,0.12238385592935,0.983674486086083,-0.358344440058355,0.957446094058955,0.089685041801934
2.39079693231077,0.00414306566403916,0.123152529863503,0.982597200305817,-0.356734598884376,0.957640267152912,0.0896983086264553
2.39413137712571,0.00430072881325604,0.123914300374252,0.98151423342573,-0.355150629406775,0.957850961417495,0.0897172331443647
2.39746582194065,0.00445136110735447,0.124669014935275,0.980425819025619,-0.353592871012634,0.958078285346354,0.0897419031580702
2.40080026675558,0.00459506155372423,0.125416522017398,0.97933219360721,-0.352061653127194,0.958322342595305,0.0897724028347442
2.40413471157052,0.0047319316617475,0.12615667112997,0.978233596517769,-0.350557295161129,0.958583231913762,0.08980881266789
2.40746915638546,0.00486207541108964,0.126889312861924,0.977130269872571,-0.349080106462086,0.958861047077715,0.0898512094405201
2.4108036012004,0.00498559921890129,0.127614298922511,0.976022458476251,-0.3476303862705,0.959155876824297,0.089899666189962
2.41413804601534,0.00510261190594041,0.128331482181687,0.974910409743061,-0.346208423679673,0.959467804787986,0.0899542521743118
2.41747249083028,0.00521322466162407,0.129040716710151,0.973794373616077,-0.344814497600131,0.95979690943845,0.0900150328405501
2.42080693564521,0.00531755100801969,0.129741857819008,0.972674602485366,-0.343448876728254,0.960143264020106,0.0900820697943366
2.42414138046015,0.00541570676278616,0.130434762099051,0.971551351105164,-0.342111819519158,0.960506936493404,0.0901554207714996
2.42747582527509,0.00550781000107603,0.131119287459656,0.970424876510073,-0.340803574163842,0.960887989477879,0.0902351396112334
2.43081027009003,0.00559398101640982,0.131795293167263,0.969295437930334,-0.339524378570584,0.96128648019701,0.0903212762310181
2.43414471490497,0.00567434228053429,0.132462639883442,0.968163296706182,-0.338274460350568,0.961702460424912,0.0904138766032748
2.43747915971991,0.00574901840227704,0.133121189702525,0.967028716201332,-0.337054036807748,0.962135976434889,0.0905129827337676
2.44081360453484,0.0058181360854102,0.133770806188802,0.965891961715622,-0.335863314932911,0.962587068949904,0.0906186326417651
2.44414804934978,0.00588182408553613,0.134411354413256,0.964753300396843,-0.334702491401952,0.96305577309497,0.0907308603419706
2.44748249416472,0.00594021316600924,0.135042700989834,0.963613001151792,-0.333571752578309,0.963542118351504,0.090849695828232
2.45081693897966,0.00599343605290737,0.135664714111242,0.96247133455658,-0.332471274519574,0.96404612851368,0.0909751650590398
2.4541513837946,0.00604162738906789,0.136277263584249,0.96132857276623,-0.331401222988231,0.964567821646802,0.091107289944821
2.45748582860954,0.00608492368720269,0.136880220864492,0.960184989423593,-0.330361753466514,0.96510721004773,0.091246088337039
2.46082027342447,0.00612346328210829,0.137473459090774,0.959040859567619,-0.329353011175355,0.965664300207381,0.0913915740191018
2.46415471823941,0.00615738628198619,0.138056853118836,0.95789645954102,-0.328375131097393,0.966239092775343,0.0915437566990883
2.46748916305435,0.00618683451889001,0.1386302795546,0.956752066897356,-0.327428238004019,0.966831582526616,0.0917026420042964
2.47082360786929,0.00621195149831566,0.139193616786869,0.955607960307574,-0.326512446486432,0.967441758330511,0.0918682314776157
2.47415805268423,0.00623288234795234,0.139746745019479,0.954464419466045,-0.32562786099066,0.968069603121736,0.0920405225757314
2.47749249749917,0.00624977376561074,0.140289546302884,0.953321724996124,-0.324774575856532,0.968715093873685,0.0922195086691589
2.4808269423141,0.00626277396634706,0.140821904565175,0.952180158355268,-0.323952675360543,0.969378201573955,0.0924051790441128
2.48416138712904,0.00627203262880098,0.141343705642516,0.951040001739761,-0.323162233762604,0.970058891202116,0.0925975189062113
2.48749583194398,0.00627770084076561,0.141854837308993,0.949901537989063,-0.322403315356609,0.970757121709752,0.0927965093860145
2.49083027675892,0.00627993104400903,0.14235518930586,0.948765050489825,-0.321675974524802,0.971472846002794,0.0930021275463986
2.49416472157386,0.0062788769783666,0.142844653370185,0.947630823079611,-0.320980255795892,0.972206010926165,0.0932143463917621
2.4974991663888,0.00627469362512325,0.143323123262876,0.946499139950359,-0.320316193906869,0.972956557250752,0.0934331348790633
2.50083361120373,0.00626753714970664,0.143790494796085,0.94537028555161,-0.319683813868497,0.973724419662729,0.0936584579306855
2.50416805601867,0.00625756484371092,0.14424666585998,0.94424454449355,-0.319083131034405,0.974509526755243,0.0938902764491264
2.50750250083361,0.00624493506627207,0.144691536448877,0.943122201449897,-0.318514151173767,0.97531180102247,0.0941285473335055
2.51083694564855,0.00622980718481608,0.145125008686733,0.942003541060672,-0.317976870547486,0.976131158856076,0.0943732234978865
2.51417139046349,0.00621234151520093,0.145546986851973,0.940888847834878,-0.317471275987854,0.976967510544078,0.0946242538914063
2.51750583527843,0.00619269926127473,0.145957377401666,0.939778406053144,-0.316997344981642,0.977820760272123,0.0948815835202043
2.52084028009336,0.0061710424538712,0.146356088995032,0.938672499670344,-0.316555045756531,0.9786908061272,0.0951451534711437
2.5241747249083,0.00614753388926579,0.146743032516272,0.937571412218252,-0.316144337370881,0.979577540103792,0.0954149009373169
2.52750916972324,0.00612233706711434,0.147118121096723,0.936475426708254,-0.315765169806733,0.980480848112478,0.095690759245324
2.53084361453818,0.00609561612789744,0.14748127013632,0.935384825534149,-0.315417484066025,0.981400609990987,0.0959726578843155
2.53417805935312,0.00606753578989381,0.147832397324378,0.934299890375094,-0.31510121226994,0.982336699517733,0.0962605225367871
2.53751250416806,0.00603826128570609,0.148171422659667,0.933220902098708,-0.314816277761335,0.983288984427803,0.0965542751111149
2.54084694898299,0.00600795829836233,0.148498268469787,0.932148140664377,-0.314562595210194,0.984257326431431,0.096853833775819
2.54418139379793,0.00597679289701808,0.148812859429843,0.931081885026812,-0.314340070722035,0.985241581234962,0.0971591129955403
2.54751583861287,0.00594493147228227,0.149115122580398,0.930022413039862,-0.314148601949213,0.986241598564277,0.0974700235687183
2.55085028342781,0.00591254067119212,0.149404987344723,0.92897000136065,-0.31398807820505,0.987257222190723,0.0977864726669532
2.55418472824275,0.00587978733186124,0.149682385545314,0.927924925354048,-0.31385838058074,0.988288289959527,0.0981083638760376
2.55751917305769,0.00584683841782595,0.149947251419695,0.926887458997536,-0.313759382064944,0.989334633820688,0.0984355972386405
2.56085361787262,0.00581386095211524,0.150199521635491,0.925857874786468,-0.313690947666017,0.990396079862361,0.0987680692986264
2.56418806268756,0.0057810219510688,0.15043913530477,0.924836443639797,-0.313652934536806,0.991472448346723,0.0991056731469923
2.5675225075025,0.00574848835792959,0.150666033997652,0.923823434806273,-0.313645192101933,0.992563553748313,0.0994482984694026
2.57085695231744,0.00571642697623589,0.150880161755184,0.922819115771171,-0.313667562187507,0.993669204794854,0.099795831595303
2.57419139713238,0.00568500440303889,0.151081465101472,0.921823752163557,-0.313719879153193,0.994789204510538,0.100148155548593
2.57752584194732,0.00565438696197186,0.151269893055081,0.920837607664158,-0.313801970026549,0.995923350261777,0.100505150099837
2.58086028676225,0.00562474063619649,0.151445397139681,0.919860943913834,-0.313913654639585,0.997071433805401,0.10086669181999
2.58419473157719,0.00559623100125347,0.151607931393959,0.918894020422714,-0.314054745767451,0.998233241339312,0.10123265413562
2.58752917639213,0.0055690231578429,0.15175745238078,0.917937094480016,-0.314225049269184,0.99940855355556,0.101602907385595
2.59086362120707,0.00554328166456139,0.151893919195606,0.916990421064585,-0.314424364230444,1.00059714569586,0.101977318879227
2.59419806602201,0.00551917047062243,0.15201729347416,0.916054252756182,-0.314652483108158,1.00179878760948,0.102355752955829
2.59753251083695,0.00549685284858631,0.152127539399352,0.915128839647564,-0.314909191877001,1.0030132438136,0.102738071045675
2.60086695565188,0.00547649132712698,0.152224623707452,0.914214429257367,-0.315194270177627,1.00424027355597,0.10312413173233
2.60420140046682,0.00545824762386198,0.152308515693512,0.913311266443851,-0.315507491466589,1.00547963088,0.103513790816331
2.60753584528176,0.0054422825782729,0.152379187216047,0.912419593319515,-0.315848623167851,1.00673106469215,0.103906901380178
2.6108702900967,0.00542875608474269,0.152436612700963,0.911539649166625,-0.316217426825832,1.00799431883171,0.104303313854621
2.61420473491164,0.00541782702573747,0.152480769144747,0.910671670353682,-0.316613658259889,1.00926913214282,0.104702876086218
2.61753917972658,0.00540965320515915,0.152511636116897,0.909815890252862,-0.317037067720167,1.01055523854889,0.10510543340611
2.62087362454151,0.00540439128189664,0.152529195761626,0.90897253915846,-0.317487400044734,1.01185236712914,0.105510828700021
2.62420806935645,0.00540219670360153,0.15253343279881,0.90814184420635,-0.31796439481792,1.01316024219756,0.10591890247942
2.62754251417139,0.00540322364071655,0.152524334524206,0.907324029294529,-0.318467786529787,1.01447858338396,0.106329492953832
2.63087695898633,0.00540762492078286,0.152501890808919,0.906519315004725,-0.318997304736634,1.0158071057173,0.106742436104267
2.63421140380127,0.00541555196305346,0.152466094098152,0.905727918525134,-0.319552674222478,1.01714551971118,0.10715756575773
2.63754584861621,0.00542715471343974,0.152416939409204,0.904950053574303,-0.320133615161407,1.01849353145148,0.107574713662778
2.64088029343114,0.00544258157981776,0.152354424328748,0.904185930326174,-0.320739843280742,1.01985084268608,0.107993709566101
2.64421473824608,0.00546197936772138,0.152278549009386,0.903435755336336,-0.321371070024916,1.02121715091676,0.108414381290089
2.64754918306102,0.00548549321644884,0.152189316165469,0.902699731469499,-0.322027002719997,1.0225921494931,0.108836554811347
2.65088362787596,0.00551326653560915,0.152086731068207,0.901978057828218,-0.322707344738762,1.02397552770844,0.109260054340132
2.6542180726909,0.00554544094213564,0.151970801540059,0.901270929682892,-0.323411795666255,1.02536697089783,0.109684702400675
2.65755251750584,0.00558215619779224,0.151841537948416,0.900578538403067,-0.324140051465739,1.02676616053798,0.11011031991235
2.66088696232077,0.00562355014719929,0.151698953198569,0.899901071390067,-0.324891804644959,1.02817277434908,0.110536726271662
2.66422140713571,0.00566975865640526,0.151543062725983,0.899238712010969,-0.325666744422642,1.02958648639864,0.110963739435008
2.66755585195065,0.00572091555202999,0.15137388448787,0.898591639533952,-0.326464556895149,1.03100696720704,0.111391176002192
2.67089029676559,0.00577715256100561,0.15119143895407,0.897960029065053,-0.3272849252032,1.03243388385509,0.111818851300635
2.67422474158053,0.00583859925094111,0.150995749097245,0.89734405148632,-0.328127529698588,1.0338669000932,0.112246579470265
2.67755918639547,0.00590538297113568,0.150786840382395,0.896743873395434,-0.328992048110807,1.03530567645247,0.112674173549037
2.6808936312104,0.00597762879426681,0.150564740755695,0.896159657046764,-0.329878155713507,1.03674987035739,0.113101445559054
2.68422807602534,0.00605545945877794,0.150329480632666,0.895591560293925,-0.33078552549071,1.03819913624023,0.11352820659324
2.68756252084028,0.00613899531199069,0.150081092885678,0.895039736533834,-0.33171382830269,1.03965312565714,0.113954266902545
2.69089696565522,0.00622835425396686,0.14981961283081,0.894504334652278,-0.33266273305145,1.04111148740572,0.114379435983623
2.69423141047016,0.00632365168214418,0.149545078214043,0.893985498971039,-0.333631906845716,1.04257386764426,0.114803522666965
2.6975658552851,0.00642500043677099,0.149257529196825,0.89348336919657,-0.33462101516537,1.04403991001242,0.115226335205435
2.70090030010003,0.00653251074716278,0.148957008340993,0.892998080370245,-0.335629722025243,1.04550925575337,0.115647681363175
2.70423474491497,0.00664629017880584,0.148643560593071,0.892529762820217,-0.336657690138186,1.04698154383739,0.116067368504836
2.70756918972991,0.00676644358133029,0.148317233267951,0.892078542114871,-0.337704581077362,1.04845641108684,0.116485203685112
2.71090363454485,0.00689307303737671,0.147978076031951,0.891644539017921,-0.338770055437661,1.04993349230236,0.116900993738508
2.71423807935979,0.00702627781237877,0.147626140885282,0.891227869445136,-0.339853772996175,1.05141242039051,0.117314545369335
2.71757252417473,0.00716615430528512,0.147261482143911,0.89082864442273,-0.340955392871655,1.05289282649251,0.117725665241873
2.72090696898966,0.00731279600024232,0.146884156420839,0.890446970047428,-0.342074573682888,1.05437434011418,0.118134160070664
2.7242414138046,0.00746629341926171,0.1464942226068,0.890082947448209,-0.343210973705895,1.0558565892571,0.118539836710901
2.72757585861954,0.00762673407589118,0.146091741850391,0.889736672749751,-0.344364251029913,1.05733920055075,0.118942502248875
2.73091030343448,0.00779420242991353,0.14567677753764,0.889408237037587,-0.345534063712059,1.05882179938571,0.119341964092431
2.73424474824942,0.00796877984309309,0.145249395271021,0.889097726324986,-0.346720069930627,1.06030401004786,0.119738030061398
2.73757919306435,0.00815054453599019,0.144809662847927,0.888805221521555,-0.347921928136935,1.06178545585352,0.120130508477962
2.74091363787929,0.00833957154586499,0.144357650238616,0.888530798403605,-0.349139297205666,1.06326575928541,0.12051920825692
2.74424808269423,0.00853593268568974,0.143893429563619,0.888274527586246,-0.35037183658362,1.06474454212946,0.120903938995804
2.74758252750917,0.00873969650428992,0.143417075070653,0.888036474497263,-0.351619206436834,1.06622142561243,0.121284511064809
2.75091697232411,0.00895092824763258,0.142928663111014,0.887816699352753,-0.352881067795974,1.06769603054017,0.121660735696504
2.75425141713905,0.0091696898212815,0.142428272115486,0.88761525713454,-0.354157082699966,1.06916797743655,0.122032425075275
2.75758586195398,0.00939603975403686,0.141915982569763,0.887432197569378,-0.355446914337778,1.07063688668309,0.122399392426463
2.76092030676892,0.00963003316277817,0.141391876989402,0.887267565109944,-0.356750227188308,1.07210237865899,0.122761452105167
2.76425475158386,0.00987172171852724,0.140856039894307,0.887121398917624,-0.358066687158305,1.07356407388179,0.123118419684655
2.7675891963988,0.0101211536137491,0.140308557782765,0.88699373284711,-0.359395961718275,1.07502159314834,0.123470112044361
2.77092364121374,0.0103783735309067,0.139749519105044,0.88688459543279,-0.360737720036298,1.07647455767624,0.123816347457417
2.77425808602868,0.0106434226122861,0.139179014236555,0.886794009876958,-0.362091633109716,1.0779225892456,0.124156945677689
2.77759253084361,0.0109163384311086,0.138597135450601,0.886721994039834,-0.363457373894619,1.07936531034096,0.124491728026274
2.78092697565855,0.0111971549639431,0.138003976890711,0.886668560431396,-0.364834617433094,1.08080234429356,0.124820517477417
2.78426142047349,0.011485902564436,0.137399634542585,0.886633716205028,-0.366223040978158,1.08223331542366,0.125143138743821
2.78759586528843,0.0117826079383715,0.136784206205648,0.886617463152993,-0.367622324116349,1.08365784918295,0.125459418361299
2.79093031010337,0.012087294120076,0.136157791464234,0.886619797703712,-0.3690321488879,1.08507557229707,0.125769184772739
2.79426475491831,0.0123999804501809,0.135520491658405,0.886640710920872,-0.370452199904469,1.08648611290797,0.126072268411337
2.79759919973324,0.0127206825547567,0.134872409854419,0.886680188504339,-0.37188216446436,1.08788910071634,0.12636850178307
2.80093364454818,0.0130494123258287,0.134213650814864,0.88673821079289,-0.37332173266519,1.08928416712374,0.126657719548365
2.80426808936312,0.0133861779032899,0.133544320968458,0.886814752768761,-0.374770597513971,1.09067094537464,0.126939758602934
2.80760253417806,0.0137309836582186,0.132864528379539,0.886909784063999,-0.376228455034542,1.09204907069811,0.127214458157726
2.810936978993,0.0140838301776139,0.132174382717248,0.887023268968613,-0.377695004372324,1.09341818044924,0.127481659817982
2.81427142380794,0.0144447142505586,0.131473995224422,0.887155166440541,-0.379169947896354,1.09477791425016,0.127741207661332
2.81760586862287,0.0148136288558192,0.130763478686208,0.887305430117396,-0.380652991298548,1.09612791413057,0.12799294831492
2.82094031343781,0.0151905631508925,0.130042947398413,0.887474008330012,-0.382143843690174,1.09746782466785,0.128236731031511
2.82427475825275,0.0155755024625069,0.12931251713559,0.887660844117769,-0.383642217695478,1.0987972931265,0.128472407764551
2.82760920306769,0.0159684282785872,0.128572305118887,0.887865875245692,-0.385147829542443,1.10011596959706,0.128699833242142
2.83094364788263,0.0163693182416899,0.12782242998367,0.888089034223326,-0.386660399150641,1.10142350713428,0.1289188650399
2.83427809269757,0.0167781461439164,0.127063011746918,0.888330248325361,-0.388179650216149,1.10271956189454,0.129129363652671
2.8376125375125,0.0171948819233098,0.126294171774416,0.888589439614015,-0.389705310293489,1.1040037932725,0.129331192565055
2.84094698232744,0.0176194916617423,0.125516032747756,0.888866524963154,-0.391237110874581,1.1052758640369,0.129524218320727
2.84428142714238,0.0180519375842973,0.124728718631155,0.889161416084147,-0.39277478746467,1.10653544046534,0.129708310590509
2.84761587195732,0.0184921780601515,0.123932354638102,0.889474019553439,-0.394318079655197,1.10778219247825,0.129883342239167
2.85095031677226,0.0189401676049614,0.123127067197853,0.889804236841828,-0.395866731193601,1.10901579377161,0.130049189390903
2.8542847615872,0.0193958568847567,0.122312983921774,0.890151964345447,-0.397420490050028,1.11023592194876,0.130205731493514
2.85761920640213,0.0198591927213449,0.121490233569559,0.890517093418423,-0.398979108480919,1.11144225865096,0.130352851381181
2.86095365121707,0.0203301180992281,0.120658946015326,0.890899510407209,-0.400542343089465,1.11263448968669,0.130490435335876
2.86428809603201,0.0208085721740351,0.119819252213603,0.891299096686571,-0.402109954882904,1.11381230515983,0.130618373147336
2.86762254084695,0.021294490282469,0.118971284165223,0.891715728697218,-0.403681709326662,1.11497539959634,0.130736558171598
2.87095698566189,0.0217878039537711,0.11811517488313,0.892149277985054,-0.405257376395296,1.11612347206966,0.130844887388058
2.87429143047683,0.0222884409227011,0.117251058358122,0.89259961124205,-0.406836730620253,1.11725622632465,0.13094326145502
2.87762587529176,0.0227963251440337,0.116379069524532,0.893066590348701,-0.408419551134419,1.11837337089997,0.131031584763737
2.8809603201067,0.0233113768085687,0.115499344225857,0.893550072418062,-0.410005621713454,1.11947461924903,0.131109765490882
2.88429476492164,0.0238335123606555,0.114612019180366,0.894049909841354,-0.411594730813905,1.12055968985918,0.131177715649455
2.88762920973658,0.0243626445172256,0.113717231946671,0.894565950335095,-0.413186671608093,1.12162830636936,0.131235351138092
2.89096365455152,0.0248986822883349,0.1128151208893,0.89509803698977,-0.414781242015764,1.12268019768596,0.131282591788742
2.89429809936646,0.0254415309992076,0.111905825144267,0.895646008319998,-0.416378244732509,1.12371509809694,0.131319361412717
2.89763254418139,0.0259910923137812,0.110989484584653,0.896209698316182,-0.417977487254954,1.12473274738411,0.131345587845061
2.90096698899633,0.0265472642597453,0.110066239786218,0.896788936497634,-0.419578781902703,1.12573289093355,0.131361202987244
2.90430143381127,0.0271099412550694,0.109136231993047,0.897383547967129,-0.421181945837065,1.12671527984408,0.131366142848149
2.90763587862621,0.027679014136015,0.108199603083249,0.897993353466895,-0.422786801076544,1.12767967103377,0.131360347583332
2.91097032344115,0.0282543701866231,0.107256495534709,0.898618169435995,-0.424393174509113,1.12862582734442,0.131343761532538
2.91430476825609,0.0288358931696722,0.106307052390925,0.899257808069099,-0.426000897901273,1.12955351764394,0.131316333255464
2.91763921307102,0.0294234633590965,0.105351417226914,0.899912077376596,-0.427609807903911,1.13046251692664,0.131278015565734
2.92097365788596,0.0300169575738589,0.104389734115223,0.900580781246059,-0.42921974605496,1.13135260641128,0.131228765563093
2.9243081027009,0.0306162492132668,0.103422147592046,0.901263719505003,-0.430830558778884,1.13222357363698,0.131168544663776
2.92764254751584,0.0312212082937232,0.102448802623452,0.901960687984941,-0.432442097382994,1.13307521255679,0.13109731862907
2.93097699233078,0.0318317014869015,0.101469844571748,0.902671478586691,-0.434054218050614,1.13390732362899,0.131015057592027
2.93431143714572,0.032447592159335,0.100485419161981,0.90339587934693,-0.435666781831119,1.13471971390599,0.130921736082335
2.93764588196065,0.0330687404134073,0.0994956724485819,0.904133674505951,-0.437279654626845,1.13551219712087,0.130817333049316
2.94098032677559,0.0336950031297344,0.0985007507821834,0.904884644576613,-0.43889270717693,1.13628459377145,0.130701831883063
2.94431477159053,0.0343262340109232,0.097500800776599,0.905648566414444,-0.440505815038054,1.13703673120183,0.130575220433682
2.94764921640547,0.0349622836266961,0.0964959692759875,0.906425213288878,-0.442118858562162,1.13776844368148,0.130437491028647
2.95098366122041,0.0356029994603652,0.0954864033222114,0.907214354955603,-0.443731722871136,1.13847957248172,0.130288640488245
2.95431810603535,0.0362482259566453,0.0944722501223937,0.908015757729985,-0.4453442978285,1.13916996594956,0.130128670139119
2.95765255085028,0.0368978045707867,0.0934536570166909,0.908829184561542,-0.44695647800813,1.13983947957891,0.129957585825883
2.96098699566522,0.0375515738190163,0.0924307714462857,0.909654395109444,-0.448568162660052,1.14048797607916,0.129775397920817
2.96432144048016,0.0382093693302695,0.0914037409216128,0.910491145819007,-0.450179255673316,1.14111532544095,0.129582121331636
2.9676558852951,0.0388710238991958,0.0903727129908253,0.911339189999154,-0.451789665536006,1.14172140499922,0.12937777550731
2.97099033011004,0.0395363675404228,0.0893378352085129,0.912198277900816,-0.453399305292409,1.14230609949348,0.129162384441962
2.97432477492498,0.0402052275440584,0.0882992551046805,0.913068156796236,-0.45500809249738,1.14286930112524,0.128935976676812
2.97765921973991,0.0408774285324174,0.0872571201539951,0.913948571059157,-0.45661594916794,1.1434109096126,0.128698585300181
2.98099366455485,0.0415527925179497,0.0862115777453116,0.914839262245862,-0.458222801732147,1.1439308322419,0.128450247945549
2.98432810936979,0.0422311389623532,0.0851627751514846,0.915739969177023,-0.459828580975283,1.14442898391653,0.128191006787666
2.98766255418473,0.0429122848368517,0.084110859499478,0.916650428020353,-0.461433221983386,1.14490528720272,0.127920908536718
2.99099699899967,0.0435960446836169,0.0830559777407765,0.917570372374004,-0.463036664084182,1.14535967237241,0.127640004430548
2.9943314438146,0.0442822306783147,0.0819982766221099,0.918499533350701,-0.464638850785459,1.14579207744309,0.127348350224935
2.99766588862954,0.0449706526937549,0.0809379026564978,0.91943763966257,-0.466239729710919,1.1462024482146,0.127046006181933
3.00100033344448,0.045661118364621,0.0798750020946235,0.920384417706634,-0.467839252533566,1.14659073830295,0.126733037056271
3.00433477825942,0.0463534331532607,0.0788097208965415,0.921339591650937,-0.469437374906669,1.14695690917099,0.126409512079829
3.00766922307436,0.0470474004165125,0.0777422047037307,0.922302883521284,-0.471034056392354,1.14730093015601,0.126075504944181
3.0110036678893,0.047742821473546,0.0766725988114971,0.923274013288535,-0.472629260387869,1.14762277849424,0.125731093781221
3.01433811270423,0.0484394956746931,0.0756010481417342,0.924252698956455,-0.474222954049585,1.14792243934224,0.125376361141877
3.01767255751917,0.0491372204712455,0.074527697216049,0.925238656650059,-0.475815108214766,1.14819990579505,0.125011393972919
3.02100700233411,0.0498357914861943,0.0734526901292593,0.926231600704442,-0.477405697321178,1.14845517890129,0.124636283591875
3.02434144714905,0.0505350025858875,0.0723761705232674,0.927231243754044,-0.478994699324592,1.14868826767499,0.124251125660054
3.02767589196399,0.0512346459525801,0.0712982815613204,0.928237296822329,-0.480582095614216,1.14889918910427,0.123856020153699
3.03101033677893,0.0519345121578493,0.0702191659026603,0.929249469411846,-0.482167870926138,1.1490879681568,0.123451071333275
3.03434478159386,0.0526343902368532,0.0691389656775695,0.930267469594633,-0.483752013254822,1.14925463778202,0.123036387710905
3.0376792264088,0.0533340677634018,0.0680578224628194,0.931291004102928,-0.485334513762717,1.14939923891018,0.122612082015958
3.04101367122374,0.0540333309258174,0.0669758772575256,0.932319778420171,-0.486915366688047,1.14952182044809,0.122178271158829
3.04434811603868,0.0547319646035542,0.0658932704594177,0.933353496872252,-0.488494569250826,1.14962243927165,0.121735076192891
3.04768256085362,0.0554297524445525,0.0648101418415246,0.934391862718965,-0.490072121557181,1.14970116021515,0.121282622274656
3.05101700566856,0.056126476943297,0.0637266305292855,0.935434578245657,-0.491648026502019,1.14975805605729,0.120821038622164
3.05435145048349,0.056821919519554,0.0626428749780847,0.936481344855018,-0.493222289670127,1.14979320750391,0.120350458471599
3.05768589529843,0.0575158605977552,0.0615590129512227,0.937531863158992,-0.494794919235748,1.14980670316756,0.119871019032163
3.06102034011337,0.0582080796870039,0.0604751814983195,0.938585833070773,-0.496365925860706,1.14979863954368,0.119382861439229
3.06435478492831,0.0588983554616699,0.05939151693416,0.939642953896852,-0.497935322591146,1.14976912098368,0.118886130705775
3.06768922974325,0.0595864658425476,0.0583081548179826,0.940702924429076,-0.499503124752954,1.14971825966456,0.118380975672141
3.07102367455819,0.0602721880785445,0.0572252299332158,0.941765443036709,-0.501069349845915,1.1496461755555,0.117867548954115
3.07435811937312,0.0609552988288724,0.0561428762676647,0.942830207758434,-0.50263401743669,1.14955299638104,0.117346006889369
3.07769256418806,0.0616355742457093,0.0550612269941527,0.943896916394279,-0.504197149050666,1.14943885758109,0.116816509482283
3.081027009003,0.0623127900573032,0.0539804144516185,0.944965266597439,-0.505758768062756,1.14930390226767,0.116279220347154
3.08436145381794,0.062986721651486,0.0529005701266725,0.946034955965946,-0.507318899587216,1.14914828117851,0.11573430664984
3.08769589863288,0.063657144159566,0.0518218246356172,0.947105682134172,-0.508877570366538,1.14897215262732,0.115181939047845
3.09103034344782,0.0643238325405693,0.0507443077069292,0.948177142864117,-0.510434808659509,1.14877568245096,0.114622291628877
3.09436478826275,0.064986561665798,0.0496681481642086,0.94924903613647,-0.51199064412848,1.14855904395337,0.114055541847905
3.09769923307769,0.0656451064036731,0.048593473909596,0.950321060241385,-0.513545107725937,1.14832241784634,0.113481870462742
3.10103367789263,0.0662992417048306,0.0475204119076591,0.951392913868966,-0.51509823158043,1.14806599218714,0.112901461468172
3.10436812270757,0.0669487426874403,0.0464490881697497,0.952464296199418,-0.516650048881943,1.147789962313,0.112314502028661
3.10770256752251,0.0675933847227126,0.0453796277388327,0.953534906992829,-0.518200593766764,1.14749453077247,0.111721182409678
3.11103701233745,0.0682329435205625,0.0443121546747887,0.954604446678554,-0.519749901201928,1.1471799072537,0.111121695907641
3.11437145715238,0.0688671952153997,0.0432467920401883,0.95567261644419,-0.521298006869319,1.14684630850962,0.110516238778538
3.11770590196732,0.0694959164520087,0.0421836618865422,0.956739118324071,-0.522844947049479,1.14649395828009,0.10990501016524
3.12104034678226,0.0701188844714906,0.0411228852410243,0.957803655287293,-0.524390758505215,1.14612308721101,0.109288212023532
3.1243747915972,0.0707358771972304,0.0400645820936689,0.958865931325221,-0.525935478365068,1.14573393277043,0.108666049046916
3.12770923641214,0.0713466733208595,0.0390088713850421,0.959925651538436,-0.527479144006714,1.1453267391617,0.108038728590185
3.13104368122708,0.0719510523881777,0.0379558709943874,0.96098252222313,-0.529021792940369,1.14490175723363,0.107406460591831
3.13437812604201,0.0725487948850054,0.036905697728243,0.962036250956868,-0.530563462692276,1.14445924438782,0.106769457495299
3.13771257085695,0.07313968232293,0.0358584673095317,0.963086546683738,-0.53210419068834,1.143999464483,0.10612793416913
3.14104701567189,0.0737234973249155,0.0348142943671209,0.964133119798831,-0.533644014137985,1.14352268773659,0.105482107826022
3.14438146048683,0.0743000237107397,0.0337732924258546,0.965175682232024,-0.535182969918295,1.14302919062342,0.104832197940849
3.14771590530177,0.0748690465822301,0.0327355738970499,0.966213947531058,-0.536721094458529,1.14251925577167,0.104178426167665
3.15105035011671,0.0754303524082607,0.0317012500694641,0.96724763094385,-0.538258423625064,1.14199317185607,0.103521016255734
3.15438479493164,0.0759837291094812,0.0306704311007224,0.968276449500052,-0.539794992606843,1.14145123348836,0.102860193964622
3.15771923974658,0.0765289661427415,0.0296432260092112,0.969300122091798,-0.541330835801404,1.1408937411051,0.10219618697838
3.16105368456152,0.0770658545851817,0.0286197426664299,0.970318369553617,-0.542865986701541,1.1403210008529,0.101529224818863
3.16438812937646,0.0775941872179539,0.0276000877898005,0.971330914741512,-0.544400477782698,1.13973332447094,0.100859538758214
3.1677225741914,0.0781137586095416,0.0265843669359316,0.972337482611139,-0.545934340391134,1.13913102917107,0.100187361730558
3.17105701900634,0.0786243651986462,0.0255726844943362,0.973337800295097,-0.547467604632947,1.13851443751535,0.0995129282429361
3.17439146382127,0.0791258053766055,0.0245651436815968,0.974331597179275,-0.549000299264016,1.13788387729108,0.0988364742855227
3.17772590863621,0.0796178795693151,0.0235618465359757,0.975318604978256,-0.55053245158094,1.13723968138356,0.0981582372411607
3.18106035345115,0.0801003903186158,0.022562893912469,0.97629855780973,-0.552064087313026,1.13658218764632,0.0974784557942546
3.18439479826609,0.0805731423631199,0.0215683854782977,0.977271192267917,-0.553595230515405,1.13591173876916,0.0967973698390608
3.18772924308103,0.0810359427184393,0.0205784197088332,0.978236247495957,-0.55512590346334,1.13522868214386,0.0961152203874112
3.19106368789597,0.0814886007567873,0.0195930938839544,0.979193465257246,-0.556656126547787,1.1345333697277,0.0954322494759142
3.1943981327109,0.0819309282859202,0.0186125040848306,0.980142590005715,-0.558185918172276,1.13382615790477,0.0947487000726676
3.19773257752584,0.0823627396273886,0.0176367451911246,0.981083368954998,-0.559715294651183,1.13310740734525,0.0940648159835248
3.20106702234078,0.0827838516940648,0.0166659108786159,0.982015552146498,-0.561244270109445,1.13237748286254,0.0933808417579565
3.20440146715572,0.0831940840669178,0.0157000936172342,0.982938892516313,-0.562772856383784,1.13163675326846,0.0926970225945446
3.20773591197066,0.0835932590710038,0.0147393846695008,0.983853145960998,-0.564301062925518,1.13088559122644,0.0920136042461493
3.2110703567856,0.0839812018506402,0.0137838740893736,0.984758071402163,-0.565828896704987,1.13012437310288,0.0913308329247919
3.21440480160053,0.0843577404437357,0.0128336507214873,0.985653430849861,-0.567356362117692,1.12935347881662,0.090648955206291
3.21773924641547,0.0847227058552426,0.0118888022007882,0.986538989464772,-0.568883460892174,1.12857329168667,0.0899682179346942
3.22107369123041,0.085075932129705,0.0109494149525522,0.987414515619137,-0.570410191999717,1.12778419827819,0.0892888681265459
3.22440813604535,0.0854172564228707,0.010015574192785,0.988279780956462,-0.571936551565913,1.12698658824687,0.0886111528750306
3.22774258086029,0.0857465190723389,0.00908736392899664,0.989134560449924,-0.573462532784157,1.12618085418163,0.0879353192540349
3.23107702567523,0.0860635636672135,0.00816486696134523,0.989978632459512,-0.574988125831127,1.12536739144589,0.0872616142221676
3.23441147049016,0.0863682371167349,0.00724816488414162,0.990811778787853,-0.57651331778429,1.12454659801726,0.0865902845267778
3.2377459153051,0.0866603897178604,0.00633733808771196,0.991633784734717,-0.578038092541517,1.12371887432591,0.0859215766080142
3.24108036012004,0.0869398752217665,0.00543246576060799,0.992444439150194,-0.579562430742818,1.12288462309156,0.0852557365029638
3.24441480493498,0.0872065508992444,0.00453362589216312,0.993243534486508,-0.581086309694289,1.12204424915918,0.0845930097499139
3.24774924974992,0.0874602776049618,0.00364089527538196,0.994030866848482,-0.582609703294296,1.12119815933351,0.0839336412927748
3.25108369456485,0.0877009198405648,0.00275434951016259,0.994806236042603,-0.584132581961943,1.12034676221237,0.0832778753857072
3.25441813937979,0.0879283458165923,0.00187406300683863,0.995569445624715,-0.5856549125679,1.11949046801902,0.0826259554979913
3.25775258419473,0.0881424275131775,0.00100010899003898,0.996320302946294,-0.587176658367596,1.11862968843334,0.0819781242191816
3.26108702900967,0.0883430407395106,0.000132559502855622,0.997058619199307,-0.588697778936862,1.11776483642219,0.0813346231645856
3.26442147382461,0.0885300651920378,-0.000728514588688002,0.997784209459644,-0.590218230110034,1.11689632606885,0.0806956928811072
3.26775591863955,0.0887033845113712,-0.0015830435908745,0.998496892729112,-0.591737963920593,1.11602457240166,0.0800615727534944
3.27109036345448,0.0888628863378855,-0.00243095897724291,0.999196491975969,-0.593256928544345,1.11514999122193,0.0794325009110324
3.27442480826942,0.089008462365978,-0.00327219338326097,0.999882834174008,-0.594775068245215,1.11427299893114,0.078808714134721
3.27775925308436,0.0891400083969679,-0.00410668060072663,1.00055575034016,-0.596292323323674,1.11339401235765,0.0781904477649745
3.2810936978993,0.0892574243906121,-0.00493435557190483,1.00121507557064,-0.597808630067846,1.11251344858275,0.0775779356098867
3.28442814271424,0.0893606145152152,-0.00575515438341025,1.00186064907555,-0.599323920707317,1.11163172476638,0.076971409854096
3.28776258752918,0.0894494871963115,-0.00656901425984164,1.00249231421207,-0.600838123369704,1.11074925797237,0.0763711009682917
3.29109703234411,0.0895239551638977,-0.0073758735571759,1.00310991851608,-0.602351162039993,1.10986646499348,0.0757772376194009
3.29443147715905,0.0895839354981955,-0.00817567175593159,1.0037133137323,-0.603862956522687,1.10898376217606,0.0751900465814905
3.29776592197399,0.0896293496739229,-0.00896834945410905,1.0043023558429,-0.605373422406807,1.10810156524472,0.0746097526474256
3.30110036678893,0.0896601236030554,-0.00975384835991357,1.00487690509462,-0.606882471033745,1.10722028912673,0.0740365785413204
3.30443481160387,0.0896761876760573,-0.0105321112842732,1.00543682602433,-0.60839000946803,1.10634034777659,0.0734707448318189
3.30776925641881,0.0896774768015633,-0.0113030821331577,1.00598198748309,-0.609895940471005,1.10546215400046,0.0729124698462411
3.31110370123374,0.0896639304444946,-0.0120667058997054,1.00651226265866,-0.611400162477452,1.10458611928093,0.0723619695856343
3.31443814604868,0.0896354926625885,-0.01282292865617,1.00702752909648,-0.612902569575196,1.10371265360177,0.0718194576407604
3.31777259086362,0.0895921121413277,-0.0135716975456925,1.00752766871911,-0.61440305148768,1.10284216527318,0.0712851451090603
3.32110703567856,0.0895337422272509,-0.0143129607739079,1.00801256784413,-0.615901493559567,1.10197506075721,0.0707592405126266
3.3244414804935,0.0894603409596282,-0.0150466676003966,1.00848211720051,-0.617397776745358,1.10111174449373,0.0702419497172201
3.32777592530844,0.0893718711004885,-0.0157727683299858,1.00893621194343,-0.618891777601058,1.10025261872684,0.0697334758523664
3.33111037012337,0.0892683001629814,-0.0164912143039121,1.00937475166753,-0.620383368278897,1.09939808333184,0.0692340192325638
3.33444481493831,0.0891496004380612,-0.0172019578908532,1.00979764041871,-0.621872416525123,1.09854853564292,0.0687437772796363
3.33777925975325,0.0890157490194791,-0.0179049524778364,1.01020478670424,-0.623358785680879,1.09770437028148,0.0682629444462663
3.34111370456819,0.08886672782707,-0.0186001524610345,1.01059610350151,-0.624842334686168,1.09686597898533,0.0677917121407362
3.34444814938313,0.0887025236283231,-0.0192875132364537,1.01097150826509,-0.62632291808692,1.09603375043869,0.0673302686529143
3.34778259419807,0.0885231280582237,-0.0199669911905279,1.01133092293234,-0.627800386045167,1.09520807010317,0.0668787990815118
3.351117039013,0.0883285376373546,-0.0206385436906219,1.01167427392746,-0.629274584352325,1.09438932004976,0.0664374852626457
3.35445148382794,0.0881187537882486,-0.021302129075457,1.01200149216406,-0.630745354445598,1.09357787879189,0.0660065056997346
3.35778592864288,0.0878937828499814,-0.0219577066454637,1.01231251304612,-0.632212533427488,1.09277412111968,0.0655860354947586
3.36112037345782,0.0876536360909951,-0.0226052366530731,1.01260727646751,-0.633675954088432,1.09197841793538,0.0651762462809109
3.36445481827276,0.0873983297201453,-0.0232446802929535,1.01288572681001,-0.635135444932542,1.09119113609015,0.0647773061566703
3.3677892630877,0.0871278848959642,-0.0238759996922009,1.01314781293972,-0.636590830206467,1.09041263822222,0.0643893796213215
3.37112370790263,0.0868423277341306,-0.0244991579004938,1.0133934882021,-0.638041929931353,1.08964328259644,0.0640126275119506
3.37445815271757,0.0865416893131435,-0.0251141188802167,1.01362271041545,-0.639488559937906,1.08888342294541,0.0636472069419414
3.37779259753251,0.0862260056781913,-0.0257208474965651,1.01383544186289,-0.640930531904542,1.08813340831217,0.0632932712409995
3.38112704234745,0.0858953178432123,-0.0263193095076382,1.01403164928295,-0.642367653398623,1.08739358289454,0.0629509698967271
3.38446148716239,0.0855496717911429,-0.026909471554526,1.0142113038586,-0.643799727920756,1.0866642858912,0.0626204484977745
3.38779593197733,0.0851891184723484,-0.0274913011514025,1.01437438120485,-0.645226554952156,1.08594585134955,0.0623018486785912
3.39113037679226,0.0848137138012357,-0.02806476667563,1.01452086135498,-0.646647930005038,1.08523860801546,0.0619953080658
3.3944648216072,0.0844235186510429,-0.028629837357885,1.01465072874522,-0.648063644676045,1.08454287918487,0.0617009602262145
3.39779926642214,0.0840185988468069,-0.0291864832723117,1.01476397219806,-0.649473486702675,1.08385898255753,0.0614189346165236
3.40113371123708,0.083599025156506,-0.0297346753267123,1.01486058490417,-0.650877240022698,1.08318723009263,0.0611493565346627
3.40446815605202,0.0831648732803793,-0.0302743852527815,1.0149405644029,-0.65227468483653,1.08252792786668,0.0608923470728915
3.40780260086696,0.0827162238384211,-0.0308055855963938,1.01500391256133,-0.653665597672563,1.08188137593354,0.0606480230725968
3.41113704568189,0.0822531623560551,-0.0313282497079493,1.01505063555205,-0.655049751455395,1.08124786818672,0.0604164970808414
3.41447149049683,0.0817757792479851,-0.0318423517327879,1.01508074382953,-0.656426915576967,1.08062769222394,0.0601978773086726
3.41780593531177,0.0812841698002313,-0.0323478666016785,1.0150942521051,-0.657796855970546,1.08002112921412,0.0599922675912113
3.42114038012671,0.0807784341503494,-0.0328447700213897,1.01509117932064,-0.65915933518756,1.07942845376687,0.0597997673495354
3.42447482494165,0.0802586772658404,-0.0333330384653515,1.01507154862099,-0.660514112477218,1.0788499338043,0.0596204715543725
3.42780926975659,0.0797250089207552,-0.0338126491644131,1.01503538732496,-0.661860943868916,1.07828583043562,0.0594544706916183
3.43114371457152,0.0791775436704979,-0.0342835800977044,1.01498272689513,-0.663199582257365,1.07773639783413,0.059301850729693
3.43447815938646,0.0786164008248362,-0.03474580998361,1.01491360290632,-0.664529777490429,1.07720188311709,0.0591626930887484
3.4378126042014,0.078041704419123,-0.0351993182708596,1.01482805501287,-0.665851276459625,1.07668252622819,0.0590370746117388
3.44114704901634,0.0774535831837397,-0.0356440851297446,1.01472612691464,-0.667163823193244,1.07617855982282,0.0589250675373658
3.44448149383128,0.0768521705117674,-0.0360800914434647,1.01460786632177,-0.668467158952063,1.07569020915626,0.0588267394749083
3.44781593864622,0.0762376044248949,-0.0365073187996141,1.01447332491828,-0.669761022327598,1.07521769197469,0.0587421533809469
3.45115038346115,0.0756100275375748,-0.0369257494818104,1.01432255832446,-0.671045149342858,1.07476121840918,0.0586713675379915
3.45448482827609,0.074969587019436,-0.0373353664614754,1.01415562605812,-0.672319273555555,1.07432099087263,0.0586144355350191
3.45781927309103,0.0743164345559643,-0.037736153389772,1.01397259149464,-0.673583126163725,1.07389720395987,0.0585714062499313
3.46115371790597,0.0736507263074637,-0.0381280945897047,1.01377352182594,-0.674836436113721,1.07349004435074,0.0585423238339345
3.46448816272091,0.0729726228663091,-0.0385111750483872,1.01355848801834,-0.676078930210508,1.07309969071635,0.0585272276978506
3.46782260753585,0.0722822892125036,-0.0388853804094869,1.01332756476929,-0.677310333230238,1.07272631362857,0.0585261525003618
3.47115705235078,0.0715798946675558,-0.0392506969658466,1.01308083046308,-0.678530368035031,1.07237007547273,0.0585391281381928
3.47449149716572,0.0708656128466899,-0.0396071116522937,1.0128183671255,-0.679738755689925,1.07203113036357,0.0585661797382343
3.47782594198066,0.0701396216094026,-0.0399546120386389,1.01254026037739,-0.68093521558193,1.07170962406455,0.0586073276516082
3.4811603867956,0.0694021030083852,-0.0402931863228713,1.01224659938734,-0.682119465541146,1.07140569391053,0.0586625874496772
3.48449483161054,0.0686532432368246,-0.0406228233245539,1.01193747682326,-0.683291221963866,1.07111946873382,0.058731969921998
3.48782927642548,0.0678932325741011,-0.0409435124784251,1.01161298880308,-0.684450199937641,1.07085106879367,0.0588154810762172
3.49116372124041,0.0671222653299018,-0.0412552438282099,1.01127323484446,-0.685596113368208,1.07060060570932,0.0589131221399102
3.49449816605535,0.0663405397867652,-0.0415580080206456,1.01091831781361,-0.686728675108255,1.07036818239643,0.0590248895643586
3.49783261087029,0.0655482581410766,-0.0418517962997278,1.01054834387325,-0.687847597087947,1.07015389300718,0.0591507750302637
3.50116705568523,0.0647456264425369,-0.0421366005011778,1.01016342242959,-0.688952590447155,1.06995782287388,0.0592907654553933
3.50450150050017,0.0639328545321193,-0.042412413047138,1.00976366607861,-0.690043365669324,1.06978004845624,0.0594448430041547
3.5078359453151,0.0631101559785384,-0.0426792269410987,1.0093491905514,-0.691119632716914,1.06962063729222,0.0596129850990899
3.51117039013004,0.0622777480132534,-0.0429370357630577,1.00892011465877,-0.692181101168361,1.06947964795267,0.0597951644342855
3.51450483494498,0.061435851464023,-0.0431858336649198,1.00847656023502,-0.693227480356474,1.06935712999951,0.0599913489906911
3.51783927975992,0.0605846906870396,-0.0434256153661364,1.00801865208107,-0.694258479508223,1.06925312394778,0.0602015020533353
3.52117372457486,0.0597244934976621,-0.0436563761495892,1.00754651790672,-0.695273807885825,1.06916766123135,0.0604255822304337
3.5245081693898,0.0588554910997723,-0.0438781118577217,1.00706028827234,-0.696273174929088,1.06910076417245,0.0606635434743765
3.52784261420473,0.0579779180137787,-0.0440908188889208,1.00656009652978,-0.697256290398922,1.06905244595495,0.0609153351045856
3.53117705901967,0.0570920120032933,-0.0442944941941495,1.00604607876273,-0.698222864521956,1.06902271060151,0.0611809018322297
3.53451150383461,0.0561980140005042,-0.0444891352738359,1.00551837372634,-0.699172608136193,1.06901155295451,0.0614601837867854
3.53784594864955,0.0552961680302728,-0.044674740175018,1.00497712278634,-0.700105232837622,1.06901895866083,0.0617531165444308
3.54118039346449,0.054386721132979,-0.0448513074887483,1.00442246985754,-0.701020451127729,1.06904490416054,0.0620596311582569
3.54451483827943,0.0534699232861435,-0.0450188363477581,1.00385456134176,-0.701917976561818,1.06908935667941,0.0623796541902832
3.54784928309436,0.0525460273248526,-0.0451773264243845,1.00327354606528,-0.702797523898084,1.06915227422533,0.062713107745262
3.5511837279093,0.051615288861015,-0.0453267779287614,1.00267957521576,-0.70365880924735,1.06923360558864,0.0630599095062528
3.55451817272424,0.0506779662014767,-0.0454671916072742,1.00207280227872,-0.704501550223412,1.06933329034631,0.0634199727719532
3.55785261753918,0.0497343202650252,-0.0455985687412818,1.00145338297352,-0.705325466093889,1.06945125887015,0.0637932064957652
3.56118706235412,0.0487846144983102,-0.0457209111461038,1.00082147518899,-0.706130277931531,1.06958743233875,0.0641795153265802
3.56452150716906,0.0478291147907109,-0.0458342211702756,1.0001772389186,-0.706915708765897,1.06974172275356,0.0645787996512624
3.56785595198399,0.0468680893881806,-0.0459385016950715,0.999520836195316,-0.707681483735319,1.06991403295869,0.0649909556388112
3.57119039679893,0.0459018088060988,-0.046033756134295,0.998852431026059,-0.708427330239088,1.07010425666477,0.0654158752861808
3.57452484161387,0.0449305457411614,-0.0461199884343372,0.998172189325914,-0.709152978089777,1.07031227847668,0.0658534464657356
3.57785928642881,0.0439545749823407,-0.0461972030745029,0.997480278851996,-0.70985815966563,1.0705379739252,0.0663035529743202
3.58119373124375,0.0429741733209461,-0.0462654050676047,0.996776869137078,-0.710542610062929,1.07078120950253,0.0667660745839193
3.58452817605869,0.0419896194598188,-0.0463245999608226,0.996062131422982,-0.711206067248274,1.07104184270185,0.0672408870938856
3.58786262087362,0.0410011939216923,-0.0463747938368309,0.995336238593753,-0.711848272210684,1.07131972206059,0.0677278623847096
3.59119706568856,0.0400091789567523,-0.0464159933151895,0.994599365108654,-0.712468969113454,1.07161468720776,0.0682268684733063
3.5945315105035,0.0390138584494271,-0.0464482055539993,0.993851686935,-0.713067905445682,1.07192656891505,0.0687377695697961
3.59786595531844,0.038015517824444,-0.0464714382518205,0.993093381480871,-0.713644832173384,1.07225518915183,0.0692604261357496
3.60120040013338,0.0370144439521861,-0.0464856996498515,0.992324627527703,-0.714199503890131,1.07260036114401,0.0697946949438701
3.60453484494832,0.036010925053381,-0.0464909985343672,0.991545605162817,-0.714731678967111,1.07296188943669,0.0703404291390898
3.60786928976325,0.0350052506031576,-0.0464873442394152,0.990756495711883,-0.715241119702561,1.07333956996069,0.0708974783010464
3.61120373457819,0.0339977112345063,-0.0464747466497671,0.989957481671364,-0.715727592470467,1.07373319010283,0.0714656885079145
3.61453817939313,0.0329885986411758,-0.0464532162041222,0.989148746640958,-0.716190867868465,1.07414252877998,0.0720449024015623
3.61787262420807,0.031978205480044,-0.0464227638985629,0.988330475256059,-0.716630720864871,1.07456735651689,0.0726349592540006
3.62120706902301,0.0309668252729954,-0.0463834012902569,0.987502853120277,-0.717046930944745,1.07500743552772,0.0732356950350992
3.62454151383795,0.0299547523083441,-0.046335140501405,0.986666066738029,-0.717439282254929,1.07546251980129,0.0738469424815336
3.62787595865288,0.0289422815418358,-0.0462779942234303,0.98582030344723,-0.717807563747966,1.07593235518999,0.0744685311669346
3.63121040346782,0.0279297084972674,-0.0462119757214069,0.984965751352113,-0.718151569324833,1.07641667950232,0.0751002875732064
3.63454484828276,0.0269173291667571,-0.0461370988387233,0.984102599256201,-0.718471097976408,1.07691522259909,0.0757420351629825
3.6378792930977,0.0259054399107049,-0.0460533780019774,0.983231036595455,-0.718765953923594,1.07742770649317,0.076393594453184
3.64121373791264,0.0248943373574778,-0.0459608282260997,0.98235125337162,-0.719035946756022,1.07795384545272,0.07705478308965
3.64454818272758,0.0238843183028593,-0.0458594651197006,0.981463440085802,-0.719280891569257,1.07849334610809,0.0777254159228018
3.64788262754251,0.0228756796092963,-0.0457493048906371,0.980567787672292,-0.719500609100441,1.079045907562,0.0784053050843106
3.65121707235745,0.0218687181049829,-0.0456303643517954,0.979664487432667,-0.719694925862283,1.07961122150331,0.0790942600647317
3.65455151717239,0.0208637304828195,-0.0455026609270842,0.978753730970183,-0.719863674275332,1.08018897232411,0.0797920877920703
3.65788596198733,0.0198610131992815,-0.0453662126576349,0.977835710124503,-0.720006692798458,1.08077883724016,0.0804985927112424
3.66122040680227,0.0188608623732363,-0.0452210382082029,0.976910616906754,-0.720123826057462,1.08138048641463,0.0812135768643975
3.66455485161721,0.0178635736847471,-0.0450671568737658,0.975978643434969,-0.720214924971758,1.08199358308519,0.0819368399720633
3.66788929643214,0.0168694422738987,-0.0449045885863133,0.975039981869909,-0.72027984687903,1.08261778369419,0.0826681795150785
3.67122374124708,0.015878762639685,-0.0447333539218227,0.974094824351309,-0.720318455657819,1.08325273802207,0.0834073908172745
3.67455818606202,0.0148918285389947,-0.0445534741074157,0.973143362934556,-0.720330621847954,1.08389808932394,0.0841542671288703
3.67789263087696,0.0139089328857325,-0.04436497102869,0.972185789527825,-0.720316222768758,1.08455347446913,0.0849085997105417
3.6812270756919,0.0129303676501133,-0.0441678672372209,0.971222295829708,-0.720275142634975,1.08521852408381,0.0856701779181286
3.68456152050684,0.0119564237581677,-0.043962185958225,0.970253073267331,-0.720207272670327,1.08589286269659,0.0864387892879398
3.68789596532177,0.0109873909914963,-0.0437479510983835,0.969278312935009,-0.720112511218662,1.086576108887,0.0872142196226195
3.69123041013671,0.0100235578873077,-0.0435251872538142,0.96829820553344,-0.719990763852591,1.08726787543684,0.0879962530775346
3.69456485495165,0.00906521163878243,-0.0432939197181906,0.96731294130947,-0.719841943479595,1.08796776948427,0.0887846722476459
3.69789929976659,0.00811263799579407,-0.043054174490998,0.966322709996441,-0.719665970445492,1.08867539268076,0.0895792582548229
3.70123374458153,0.00716612116603012,-0.0428059782859221,0.965327700755152,-0.719462772635236,1.08939034135058,0.0903797908355635
3.70456818939647,0.00622594371654617,-0.0425493585393629,0.964328102115443,-0.719232285570969,1.09011220665301,0.0911860484290794
3.7079026342114,0.0052923864757918,-0.0422843434190657,0.963324101918433,-0.718974452507264,1.090840574747,0.0919978082657079
3.71123707902634,0.00436572843614396,-0.0420109618328646,0.962315887259414,-0.718689224523514,1.09157502695847,0.0928148464556101
3.71457152384128,0.00344624665698632,-0.0417292434375295,0.961303644431439,-0.718376560613392,1.09231513994986,0.0936369380777155
3.71790596865622,0.00253421616836937,-0.0414392186477104,0.960287558869612,-0.718036427771334,1.09306048589218,0.0944638572688747
3.72124041347116,0.00162990987528748,-0.0411409186449709,0.9592678150961,-0.717668801075992,1.09381063263927,0.0952953773131789
3.7245748582861,0.000733598462609943,-0.0408343753869038,0.958244596665876,-0.717273663770586,1.09456514390431,0.0961312707314081
3.72790930310103,-0.000154449699297686,-0.040519621616322,0.957218086113237,-0.716851007340127,1.09532357943851,0.0969713093705652
3.73124374791597,-0.00103396864822912,-0.0401966908705155,0.956188464899079,-0.716400831585437,1.09608549521182,0.0978152644934601
3.73457819273091,-0.00190469492302976,-0.0398656174905684,0.955155913358971,-0.715923144693923,1.09685044359574,0.0986629068683002
3.73791263754585,-0.00276636765569549,-0.0395264366307266,0.954120610652038,-0.71541796330706,1.09761797354798,0.0995140068582506
3.74124708236079,-0.00361872866264061,-0.0391791842678091,0.953082734710658,-0.714885312584526,1.09838763079904,0.100368334510922
3.74458152717573,-0.00446152253509909,-0.0388238972106556,0.952042462191007,-0.714325226264956,1.09915895804061,0.101225659647749
3.74791597199066,-0.00529449672862803,-0.0384606131095998,0.950999968424453,-0.713737746723248,1.09993149511559,0.102085751953212
3.7512504168056,-0.00611740165167722,-0.0380893704659635,0.949955427369817,-0.713122925024403,1.10070477920986,0.102948381063882
3.75458486162054,-0.00692999075319094,-0.0377102086415607,0.948909011566518,-0.712480820973839,1.10147834504554,0.103813316657216
3.75791930643548,-0.00773202060920919,-0.0373231678682044,0.947860892088616,-0.711811503164144,1.1022517250758,0.104680328540107
3.76125375125042,-0.00852325100843634,-0.0369282892572082,0.946811238499757,-0.711115049018226,1.10302444968101,0.105549186737102
3.76458819606536,-0.00930344503674254,-0.0365256148088731,0.945760218809054,-0.710391544828836,1.10379604736626,0.106419661578298
3.76792264088029,-0.0100723691605674,-0.0361151874219513,0.944707999427886,-0.709641085794399,1.10456604496014,0.107291523786827
3.77125708569523,-0.0108297933091928,-0.0356970509030801,0.94365474512766,-0.708863776051155,1.10533396781466,0.108164544565943
3.77459153051017,-0.0115754909558538,-0.0352712499761745,0.942600618998521,-0.708059728701548,1.1060993400063,0.109038495685623
3.77792597532511,-0.012309239197657,-0.0348378302917723,0.941545782409037,-0.707229065838845,1.10686168453798,0.109913149568685
3.78126042014005,-0.013030818834275,-0.0343968384363215,0.940490394966862,-0.706371918567957,1.10762052354206,0.110788279376362
3.78459486495499,-0.0137400144453878,-0.033948321941402,0.939434614480395,-0.705488427022425,1.10837537848412,0.111663659093299
3.78792930976992,-0.014436614466839,-0.0334923292928728,0.938378596921435,-0.704578740377557,1.1091257703675,0.112539063611941
3.79126375458486,-0.0151204112654807,-0.0330289099399358,0.937322496388845,-0.703643016859677,1.10987121993854,0.113414268816267
3.7945981993998,-0.015791201212676,-0.0325581143041076,0.936266465073246,-0.70268142375148,1.11061124789235,0.114289051664845
3.79793264421474,-0.0164487847564315,-0.0320799937880894,0.935210653222726,-0.70169413739346,1.11134537507919,0.115163190273159
3.80126708902968,-0.017092966492131,-0.031594600784529,0.93415520910959,-0.700681343181391,1.11207312271112,0.116036463995184
3.80460153384462,-0.017723555231846,-0.0311019886846625,0.933100278998164,-0.699643235559857,1.11279401256915,0.116908653504158
3.80793597865955,-0.0183403640721912,-0.0306022118868293,0.932046007113627,-0.698580018011799,1.11350756721047,0.117779540872539
3.81127042347449,-0.0189432104607042,-0.0300953258048508,0.930992535611926,-0.697491903044075,1.11421331017598,0.118648909651088
3.81460486828943,-0.019531916260719,-0.0295813868762644,0.929940004550735,-0.696379112169018,1.11491076619781,0.119516544947064
3.81793931310437,-0.0201063078147105,-0.0290604525704029,0.928888551861495,-0.695241875881986,1.11559946140687,0.12038223350148
3.82127375791931,-0.0206662160060855,-0.0285325813963124,0.927838313322527,-0.694080433634885,1.11627892354024,0.121245763765401
3.82460820273424,-0.0212114763193944,-0.0279978329104976,0.92678942253322,-0.692895033805672,1.11694868214846,0.122106925975241
3.82794264754918,-0.0217419288989422,-0.027456267724488,0.925742010889309,-0.69168593366382,1.11760826880251,0.122965512227039
3.83127709236412,-0.0222574186057733,-0.0269079475122146,0.924696207559236,-0.690453399331757,1.11825721730035,0.123821316549665
3.83461153717906,-0.0227577950730104,-0.0263529350171898,0.923652139461608,-0.689197705742259,1.11889506387318,0.124674134976935
3.837945981994,-0.0232429127595241,-0.0257912940594809,0.922609931243745,-0.687919136591821,1.11952134739097,0.125523765618612
3.84128042680894,-0.0237126310019124,-0.0252230895424681,0.921569705261329,-0.686617984289983,1.12013560956754,0.126370008730243
3.84461487162387,-0.0241668140647699,-0.024648387459381,0.920531581559145,-0.685294549904637,1.12073739516483,0.127212666781824
3.84794931643881,-0.0246053311892265,-0.024067254899602,0.919495677852936,-0.683949143103312,1.12132625219638,0.128051544525239
3.85128376125375,-0.025028056639737,-0.0234797600547297,0.918462109512341,-0.682582082090445,1.12190173212996,0.128886449060478
3.85461820606869,-0.0254348697491014,-0.0228859722243949,0.917430989544956,-0.681193693540645,1.12246339008923,0.12971718990057
3.85795265088363,-0.0258256549617004,-0.0222859618218183,0.916402428581485,-0.679784312527974,1.12301078505431,0.130543579035228
3.86128709569857,-0.0262003018749269,-0.0216798003791047,0.915376534861992,-0.678354282451248,1.12354348006122,0.131365430993177
3.8646215405135,-0.0265587052787971,-0.0210675605522625,0.914353414223268,-0.676903954955374,1.12406104240012,0.132182562903123
3.86795598532844,-0.0269007651937268,-0.0204493161259437,0.913333170087284,-0.675433689848745,1.12456304381219,0.132994794553358
3.87129043014338,-0.0272263869064559,-0.019825142017893,0.912315903450752,-0.673943855016711,1.12504906068519,0.133801948449966
3.87462487495832,-0.0275354810041068,-0.0191951142831015,0.911301712875784,-0.672434826331152,1.12551867424739,0.134603849873601
3.87795931977326,-0.0278279634063641,-0.0185593101176542,0.910290694481637,-0.67090698755616,1.12597147076012,0.135400326934829
3.8812937645882,-0.0281037553957617,-0.017917807862266,0.90928294193756,-0.669360730249873,1.12640704170853,0.136191210627995
3.88462820940313,-0.0283627836460636,-0.0172706870054962,0.908278546456725,-0.667796453662483,1.12682498399065,0.136976334883606
3.88796265421807,-0.0286049802487296,-0.0166180281866372,0.907277596791239,-0.666214564630439,1.12722490010466,0.137755536619196
3.89129709903301,-0.0288302827374511,-0.0159599131982664,0.906280179228246,-0.664615477466883,1.12760639833426,0.13852865578867
3.89463154384795,-0.029038634110751,-0.0152964249884577,0.905286377587093,-0.66299961384835,1.12796909293202,0.139295535430087
3.89796598866289,-0.0292299828526338,-0.0146276476626415,0.904296273217577,-0.661367402697762,1.12831260430068,0.140056021711878
3.90130043347783,-0.0294042829512809,-0.0139536664851102,0.903309944999254,-0.65971928006376,1.12863655917236,0.140809963977478
3.90463487829276,-0.0295614939157796,-0.0132745678801596,0.902327469341801,-0.6580556889964,1.12894059078551,0.141557214788347
3.9079693231077,-0.0297015807908817,-0.01259043943286,0.901348920186442,-0.656377079419264,1.1292243390595,0.142297629965371
3.91130376792264,-0.0298245141697826,-0.0119013698894513,0.900374369008411,-0.654683907998019,1.12948745076698,0.143031068628626
3.91463821273758,-0.0299302702049158,-0.0112074491573543,0.899403884820462,-0.65297663800547,1.12972957970364,0.143757393235488
3.91797265755252,-0.0300188306167581,-0.0105087683047937,0.8984375341774,-0.651255739183152,1.12995038685553,0.144476469617073
3.92130710236746,-0.0300901827006411,-0.00980541956002436,0.897475381181649,-0.649521687599506,1.13014954056374,0.145188167012995
3.92464154718239,-0.0301443193315641,-0.00909749631015628,0.89651748748982,-0.64777496550469,1.13032671668643,0.145892358104438
3.92797599199733,-0.0301812389670079,-0.00838509309957196,0.895563912320304,-0.646016061182061,1.13048159875803,0.146588919045509
3.93131043681227,-0.0302009456477447,-0.00766830562793106,0.894614712461841,-0.644245468796407,1.13061387814573,0.147277729492887
3.93464488162721,-0.030203448996645,-0.00694723074775591,0.893669942283099,-0.642463688238952,1.130723254203,0.147958672633729
3.93797932644215,-0.0301887642154792,-0.00622196646159279,0.89272965374321,-0.640671224969209,1.13080943442013,0.148631635211858
3.94131377125709,-0.0301569120797154,-0.00549261191874359,0.891793896403293,-0.638868589853719,1.13087213457183,0.149296507552187
3.94464821607202,-0.0301079189313134,-0.00475926741156414,0.890862717438919,-0.637056299001762,1.13091107886158,0.1499531835834
3.94798266088696,-0.0300418166695173,-0.00402203437132199,0.889936161653533,-0.63523487359806,1.13092600006298,0.150601560858869
3.9513171057019,-0.0299586427396479,-0.00328101536361061,0.889014271492804,-0.633404839732574,1.13091663965771,0.151241540575804
3.95465155051684,-0.0298584401199002,-0.00253631408331617,0.888097087059903,-0.631566728227423,1.1308827479703,0.151873027592632
3.95798599533178,-0.0297412573061472,-0.00178803534912944,0.887184646131691,-0.629721074461008,1.1308240842995,0.152495930444598
3.96132044014672,-0.0296071482947578,-0.00103628509760318,0.886276984175805,-0.627868418189403,1.1307404170462,0.153110161357587
3.96465488496165,-0.0294561725634314,-0.000281170376747069,0.885374134368634,-0.626009303365073,1.1306315238379,0.153715636260158
3.96798932977659,-0.0292883950500571,0.00047720066084187,0.884476127614164,-0.624144277953,1.13049719164964,0.154312274793802
3.97132377459153,-0.0291038861296045,0.00123871876531606,0.883582992563688,-0.622273893744261,1.1303372169213,0.154900000321405
3.97465821940647,-0.0289027215890529,0.00200327359738593,0.88269475563636,-0.620398706167168,1.13015140567128,0.155478739933927
3.97799266422141,-0.0286849826003676,0.00277075373660379,0.881811441040582,-0.618519274095999,1.12993957360639,0.156048424455297
3.98132710903635,-0.0284507556915338,0.00354104669012425,0.880933070796214,-0.616636159657428,1.12970154622813,0.156608988445523
3.98466155385128,-0.0282001327156557,0.00431403890194583,0.880059664757585,-0.614749928034704,1.12943715893493,0.157160370202016
3.98799599866622,-0.0279332108181339,0.00508961576263418,0.879191240637294,-0.612861147269673,1.12914625712075,0.157702511759137
3.99133044348116,-0.0276500924019305,0.00586766161953179,0.878327814030783,-0.610970388062705,1.12882869626957,0.158235358885974
3.9946648882961,-0.0273508850909361,0.0066480597874532,0.877469398441682,-0.609078223570618,1.12848434204608,0.158758861082337
3.99799933311104,-0.0270357016914493,0.00743069255987124,0.876616005307881,-0.607185229202661,1.1281130703822,0.159272971572999
4.00133377792597,-0.0267046601517842,0.00821544122059171,0.875767644028347,-0.605291982414659,1.12771476755966,0.159777647300172
4.00466822274091,-0.0263578835200189,0.00900218605592237,0.87492432199064,-0.603399062501377,1.12728933028848,0.160272848914234
4.00800266755585,-0.0259954998999016,0.00979080636733348,0.874086044599135,-0.601507050387207,1.12683666578119,0.160758540762715
4.01133711237079,-0.0256176424049278,0.0105811804846136,0.873252815303922,-0.599616528415241,1.12635669182303,0.161234690877544
4.01467155718573,-0.0252244491106068,0.0113731857795205,0.872424635630363,-0.597728080134838,1.12584933683782,0.161701270960577
4.01800600200067,-0.0248160630049347,0.0121666986799273,0.87160150520931,-0.595842290087742,1.12531453994963,0.162158256367408
4.02134044681561,-0.0243926319370898,0.0129615946844645,0.870783421807936,-0.593959743592864,1.12475225104014,0.162605626089478
4.02467489163054,-0.0239543085643712,0.013757748377658,0.86997038136119,-0.592081026529803,1.1241624308017,0.163043362734495
4.02800933644548,-0.0235012502973986,0.0145550334455642,0.869162378003843,-0.590206725121183,1.12354505078599,0.163471452505177
4.03134378126042,-0.0230336192435927,0.0153533226918981,0.868359404103115,-0.588337425713919,1.1229000934484,0.163889885176329
4.03467822607536,-0.0225515821489582,0.0161524880546581,0.867561450291854,-0.586473714559482,1.12222755218786,0.164298654070275
4.0380126708903,-0.0220553103381888,0.016952400623245,0.86676850550227,-0.584616177593257,1.12152743138237,0.164697756030655
4.04134711570523,-0.0215449796531172,0.0177529306560722,0.865980557000177,-0.582765400213092,1.12079974642001,0.165087191394603
4.04468156052017,-0.0210207703895319,0.0185539475986689,0.865197590419754,-0.58092196705712,1.12004452372542,0.165466963963328
4.04801600533511,-0.0204828672323848,0.0193553201022729,0.864419589798791,-0.579086461780954,1.11926180078192,0.165837080971108
4.05135045015005,-0.0199314591894116,0.0201569160429112,0.863646537614397,-0.577259466834343,1.11845162614896,0.166197553052726
4.05468489496499,-0.019366739523191,0.0209586025409674,0.862878414819168,-0.575441563237376,1.11761405947513,0.166548394209351
4.05801933977993,-0.0187889056816656,0.0217602459812333,0.862115200877778,-0.573633330356344,1.11674917150657,0.166889621772907
4.06135378459487,-0.0181981592271536,0.02256171203344,0.861356873803993,-0.571835345679341,1.11585704409087,0.167221256368924
4.0646882294098,-0.0175947057638725,0.0233628656732703,0.860603410198072,-0.570048184591694,1.11493777017635,0.167543321877913
4.06802267422474,-0.0169787548640046,0.0241635712038451,0.859854785284545,-0.568272420151336,1.11399145380674,0.16785584539528
4.07135711903968,-0.0163505199923321,0.0249636922776824,0.859110972950351,-0.566508622864195,1.11301821011136,0.168158857189798
4.07469156385462,-0.0157102184294662,0.0257630919191255,0.858371945783306,-0.564757360459708,1.11201816529059,0.168452390660662
4.07802600866956,-0.0150580711937022,0.0265616325472371,0.857637675110902,-0.563019197666556,1.11099145659682,0.16873648229316
4.08136045348449,-0.0143943029615261,0.0273591759991543,0.856908131039385,-0.561294695988696,1.10993823231077,0.16901117161297
4.08469489829943,-0.013719141986806,0.0281555835538999,0.856183282493141,-0.559584413481825,1.10885865171322,0.16927650113912
4.08802934311437,-0.0130328200186927,0.0289507159566485,0.855463097254314,-0.557888904530321,1.10775288505211,0.16953251633563
4.09136378792931,-0.0123355722182663,0.0297444334434391,0.854747542002684,-0.556208719624805,1.10662111350513,0.169779265561865
4.09469823274425,-0.0116276370739537,0.0305365957663315,0.854036582355761,-0.554544405140388,1.10546352913757,0.170016800021633
4.09803267755919,-0.0109092563157515,0.0313270622190022,0.853330182909083,-0.552896503115706,1.10428033485578,0.170245173711036
4.10136712237412,-0.010180674828287,0.0321156916627708,0.852628307276696,-0.551265551032855,1.10307174435589,0.170464443365133
4.10470156718906,-0.00944214056274563,0.032902342553056,0.8519309181318,-0.5496520815983,1.10183798206808,0.170674668403407
4.108036012004,-0.00869390444770169,0.0336868729662519,0.851237977247542,-0.548056622524858,1.10057928309627,0.170875910874105
4.11137045681894,-0.00793622029888201,0.0344691406270207,0.850549445537928,-0.546479696314867,1.09929589315327,0.171068235397443
4.11470490163388,-0.00716934472789943,0.0352490029359938,0.849865283098851,-0.544921820044615,1.09798806849142,0.171251709107739
4.11803934644882,-0.00639353704998681,0.0360263169978761,0.849185449249198,-0.543383505150136,1.09665607582877,0.171426401594479
4.12137379126375,-0.0056090591907667,0.0368009396499483,0.848509902572033,-0.541865257214461,1.09530019227074,0.171592384842372
4.12470823607869,-0.00481617559209446,0.0375727274909545,0.847838600955822,-0.540367575756428,1.0939207052274,0.171749733170398
4.12804268089363,-0.00401515311700379,0.0383415369103766,0.847171501635694,-0.538890954021131,1.09251791232623,0.171898523169912
4.13137712570857,-0.00320626095379652,0.0391072241180799,0.846508561234713,-0.537435878772113,1.09109212132059,0.172038833641812
4.13471157052351,-0.00238977051930707,0.0398696451743283,0.845849735805138,-0.536002830085387,1.08964364999375,0.172170745532816
4.13804601533845,-0.00156595536138133,0.0406286560201574,0.845194980869662,-0.53459228114539,1.08817282605864,0.172294341870885
4.14138046015338,-0.000735091060603302,0.0413841125081017,0.844544251462606,-0.533204698042938,1.0866799870532,0.172409707699815
4.14471490496832,0.000102544868690415,0.0421358704332614,0.843897502171045,-0.531840539575308,1.0851654802316,0.17251693001304
4.14804934978326,0.000946673078075095,0.042883785564708,0.843254687175861,-0.530500257048498,1.08362966245112,0.172616097686687
4.1513837945982,0.00179701248534175,0.0436277136772139,0.842615760292684,-0.52918429408179,1.08207290005488,0.172707301411901
4.15471823941314,0.00265328037540395,0.0443675105833014,0.841980675012728,-0.527893086414677,1.08049556875041,0.172790633626492
4.15805268422808,0.00351519250176848,0.0451030321655983,0.841349384543481,-0.526627061716269,1.0788980534841,0.172866188445934
4.16138712904301,0.00438246318853605,0.045834134409496,0.840721841849246,-0.525386639397232,1.07728074831156,0.172934061593751
4.16472157385795,0.00525480543288687,0.0465606734360945,0.840097999691508,-0.524172230424382,1.07564405626405,0.172994350331327
4.16805601867289,0.00613193100802071,0.0472825055354305,0.839477810669115,-0.522984237137996,1.07398838921079,0.17304715338718
4.17139046348783,0.00701355056650811,0.0479994871999761,0.838861227258247,-0.521823053071931,1.07231416771747,0.173092570885732
4.17472490830277,0.00789937374401428,0.048711475158397,0.838248201852165,-0.520689062776638,1.07062182090081,0.173130704275619
4.17805935311771,0.00878910926335966,0.0494183264095635,0.837638686800717,-0.519582641645151,1.06891178627929,0.173161656257571
4.18139379793264,0.00968246503887558,0.0501198982568012,0.837032634449588,-0.518504155742131,1.0671845096202,0.173185530711908
4.18472824274758,0.0105791482810179,0.0508160483423726,0.836429997179273,-0.517453961636048,1.06544044478282,0.173202432625678
4.18806268756252,0.0114788656011972,0.0515066346821775,0.835830727443758,-0.516432406234581,1.06368005355809,0.173212468019494
4.19139713237746,0.0123813231167897,0.0521915157006631,0.835234777808902,-0.515439826623311,1.0619038055046,0.173215743874083
4.1947315771924,0.013286226556286,0.052870550265932,0.834642100990478,-0.51447654990779,1.06011217778105,0.173212368056615
4.19806602200734,0.0141932813645413,0.0535435977250371,0.834052649891897,-0.513542893059051,1.05830565497525,0.173202449246817
4.20140046682227,0.0151021928080867,0.0542105179394529,0.833466377641553,-0.512639162762649,1.05648472892967,0.173186096862947
4.20473491163721,0.0160126660804593,0.0548711713207094,0.832883237629821,-0.511765655271291,1.0546498985637,0.17316342098763
4.20806935645215,0.0169244064075186,0.0555254188661808,0.83230318354565,-0.510922656261137,1.05280166969258,0.173134532293629
4.21140380126709,0.0178371191527016,0.0561731221950151,0.831726169412763,-0.510110440691837,1.05094055484311,0.173099541969558
4.21473824608203,0.0187505099221846,0.0568141435841926,0.831152149625448,-0.509329272670379,1.04906707306625,0.173058561645608
4.21807269089697,0.019664284669906,0.0574483460047025,0.830581078983906,-0.508579405318807,1.04718174974662,0.173011703319288
4.2214071357119,0.0205781498024155,0.0580755931578245,0.830012912729163,-0.507861080645884,1.045285116409,0.172959079281259
4.22474158052684,0.0214918122835082,0.058695749511505,0.829447606577526,-0.507174529422757,1.04337771052193,0.172900802041268
4.22807602534178,0.0224049797386053,0.0593086803368134,0.828885116754556,-0.506519971062698,1.04146007529839,0.172836984254234
4.23141047015672,0.0233173605588412,0.0599142517444677,0.828325400028574,-0.505897613504967,1.03953275949378,0.172767738646532
4.23474491497166,0.0242286640048196,0.060512330721416,0.827768413743648,-0.505307653102871,1.03759631720114,0.172693177942492
4.2380793597866,0.0251386003099989,0.0611027851674626,0.827214115852084,-0.504750274516071,1.03565130764378,0.172613414791174
4.24141380460153,0.0260468807836678,0.0616854839319247,0.826662464946388,-0.504225650607193,1.03369829496538,0.172528561693444
4.24474824941647,0.026953217913474,0.0622602968503071,0.826113420290691,-0.503733942342801,1.03173784801759,0.172438730929393
4.24808269423141,0.0278573254674655,0.0628270947809828,0.825566941851628,-0.503275298698784,1.02977054014526,0.172344034486135
4.25141713904635,0.0287589185956087,0.063385749641866,0.825022990328654,-0.502849856570209,1.02779694896944,0.172244583986024
4.25475158386129,0.0296577139307437,0.0639361344470652,0.824481527183795,-0.502457740685689,1.02581765616806,0.172140490615327
4.25808602867623,0.0305534296889398,0.0644781233435014,0.823942514670807,-0.502099063526311,1.02383324725461,0.172031865053387
4.26142047349116,0.0314457857692127,0.0650115916474814,0.823405915863756,-0.50177392524918,1.02184431135465,0.17191881740232
4.2647549183061,0.0323345038525672,0.065536415881209,0.822871694684976,-0.501482413615613,1.01985144098052,0.171801457117276
4.26808936312104,0.0332193075003287,0.0660524738092257,0.822339815932432,-0.50122460392403,1.01785523180402,0.171679892937301
4.27142380793598,0.0340999222517243,0.0665596444747622,0.821810245306449,-0.501000558947583,1.01585628242751,0.171554232816845
4.27475825275092,0.0349760757206803,0.0670578082359921,0.821282949435806,-0.500810328876558,1.01385519415314,0.171424583857932
4.27809269756585,0.0358474976917973,0.0675468468021708,0.820757895903196,-0.500653951265595,1.01185257075063,0.171291052243057
4.28142714238079,0.0367139202154697,0.0680266432696496,0.820235053270027,-0.500531450985752,1.00984901822349,0.171153743168818
4.28476158719573,0.0375750777021091,0.0684970821577474,0.81971439110057,-0.500442840181451,1.00784514457385,0.171012760780325
4.28809603201067,0.0384307070154441,0.0689580494444701,0.819195879985433,-0.50038811823233,1.00584155956598,0.17086820810644
4.29143047682561,0.0392805475648536,0.0694094326020628,0.818679491564364,-0.500367271720048,1.0038388744886,0.170720186995847
4.29476492164055,0.0401243413967048,0.069851120632381,0.818165198548367,-0.500380274400044,1.00183770191603,0.170568798054019
4.29809936645549,0.0409618332846604,0.0702830041020677,0.817652974741129,-0.500427087178296,0.999838655468409,0.170414140581091
4.30143381127042,0.0417927708189182,0.0707049751775223,0.81714279505975,-0.500507658093091,0.997842349570847,0.170256312510691
4.30476825608536,0.0426169044943552,0.0711169276596491,0.816634635554769,-0.500621922301836,0.995849399211887,0.170095410349739
4.3081027009003,0.0434339877975391,0.0715187570183705,0.816128473429477,-0.500769802072919,0.99386041970113,0.169931529119272
4.31143714571524,0.0442437772925764,0.0719103604268915,0.81562428705852,-0.500951206782645,0.991876026426274,0.169764762296306
4.31477159053018,0.0450460327057653,0.0722916367957033,0.815122056005773,-0.50116603291725,0.989896834609596,0.169595201756773
4.31810603534511,0.0458405170090208,0.0726624868063105,0.814621761041494,-0.501414164080029,0.987923459064002,0.16942293771956
4.32144048016005,0.0466269965020433,0.0730228129446714,0.814123384158739,-0.501695471003555,0.985956513948727,0.169248058691694
4.32477492497499,0.0474052408931962,0.0733725195343337,0.813626908589049,-0.502009811567029,0.983996612524807,0.169070651414675
4.32810936978993,0.0481750233790666,0.0737115127692572,0.813132318817396,-0.502357030818741,0.982044366910395,0.168890800812015
4.33144381460487,0.0489361207226773,0.0740397007463064,0.812639600596374,-0.502736961003675,0.980100387836047,0.168708589937989
4.33477825941981,0.0496883133303208,0.0743569934974012,0.812148740959659,-0.503149421596219,0.978165284400053,0.168524099927638
4.33811270423474,0.0504313853269885,0.0746633030213132,0.811659728234708,-0.503594219338031,0.976239663823939,0.168337409948044
4.34144714904968,0.0511651246303653,0.074958543315093,0.811172552054705,-0.504071148281006,0.97432413120822,0.16814859715091
4.34478159386462,0.0518893230233632,0.0752426304051159,0.810687203369759,-0.504579989835383,0.972419289288511,0.16795773662646
4.34811603867956,0.052603776225167,0.0755154823777345,0.810203674457336,-0.505120512822958,0.970525738192103,0.167764901358695
4.3514504834945,0.0533082839607654,0.0757770194095227,0.809721958931937,-0.505692473535404,0.96864407519509,0.167570162182026
4.35478492830944,0.0540026500289425,0.0760271637971007,0.809242051754014,-0.506295615797688,0.966774894480163,0.167373587739299
4.35811937312437,0.0546866823687034,0.0762658399865263,0.808763949238124,-0.506929671036567,0.964918786895163,0.167175244441248
4.36145381793931,0.0553601931241111,0.0764929746022422,0.80828764906032,-0.507594358354155,0.963076339712487,0.16697519642739
4.36478826275425,0.0560229987075088,0.0767084964755636,0.807813150264781,-0.508289384606531,0.961248136389463,0.166773505528386
4.36812270756919,0.056674919861106,0.0769123366726972,0.807340453269684,-0.509014444487383,0.959434756329778,0.166570231229887
4.37145715238413,0.0573157817169056,0.0771044285222765,0.806869559872303,-0.509769220616659,0.957636774646069,0.166365430637886
4.37479159719907,0.0579454138549484,0.077284707642403,0.806400473253353,-0.510553383634194,0.955854761923769,0.166159158445599
4.378126042014,0.0585636503598556,0.0774531119671803,0.805933197980579,-0.511366592298306,0.954089283986309,0.165951466901885
4.38146048682894,0.0591703298756479,0.0776095817727292,0.805467740011577,-0.512208493589308,0.952340901661782,0.165742405781231
4.38479493164388,0.0597652956588206,0.0777540597026731,0.805004106695862,-0.513078722817934,0.950610170551146,0.165532022355314
4.38812937645882,0.0603483956296557,0.0778864907930804,0.804542306776178,-0.513976903738613,0.948897640798096,0.165320361366158
4.39146382127376,0.0609194824217532,0.0780068224968536,0.804082350389063,-0.514902648667595,0.947203856860666,0.165107465000903
4.3947982660887,0.0614784134297621,0.0781150047075536,0.803624249064654,-0.515855558605851,0.945529357284684,0.164893372868195
4.39813271090363,0.0620250508552951,0.0782109897826476,0.803168015725751,-0.516835223366752,0.943874674479167,0.16467812197622
4.40146715571857,0.0625592617510092,0.0782947325661697,0.802713664686137,-0.517841221708445,0.94224033449374,0.164461746712383
4.40480160053351,0.0630809180628375,0.0783661904107838,0.802261211648157,-0.518873121470911,0.940626856798204,0.16424427882466
4.40813604534845,0.0635898966703557,0.0784253231992369,0.801810673699558,-0.519930479717652,0.939034754064305,0.16402574740461
4.41147049016339,0.0640860794252708,0.0784720933651945,0.801362069309604,-0.521012842881957,0.937464531949831,0.163806178872093
4.41480493497833,0.0645693531880162,0.0785064659134451,0.800915418324459,-0.522119746917698,0.935916688885117,0.163585596961663
4.41813937979326,0.0650396098624408,0.0785284084394656,0.800470741961848,-0.523250717454614,0.934391715862047,0.16336402271068
4.4214738246082,0.0654967464285807,0.0785378911483367,0.800028062805005,-0.524405269958023,0.932890096225641,0.163141474449126
4.42480826942314,0.0659406649735007,0.078534886872999,0.799587404795903,-0.525582909892899,0.931412305468334,0.162917967791142
4.42814271423808,0.0663712727201967,0.0785193710918401,0.799148793227786,-0.526783132892283,0.929958811027009,0.162693515628295
4.43147715905302,0.0667884820545453,0.0784913219456029,0.798712254736995,-0.528005424929936,0.928530072082895,0.162468128124565
4.43481160386796,0.067192210550296,0.078450720253607,0.798277817294106,-0.529249262497204,0.927126539364407,0.16224181271308
4.43814604868289,0.0675823809920942,0.0783975495292727,0.797845510194376,-0.530514112784014,0.92574865495301,0.162014574094582
4.44148049349783,0.0679589213965274,0.0783317959949409,0.797415364047517,-0.531799433863941,0.924396852092195,0.161786414237638
4.44481493831277,0.06832176503119,0.078253448595978,0.796987410766788,-0.533104674883284,0.923071554999656,0.161557332380592
4.44814938312771,0.0686708504317566,0.0781624990141601,0.796561683557434,-0.534429276254079,0.921773178682742,0.161327325035266
4.45148382794265,0.0690061214170624,0.0780589416803258,0.796138216904457,-0.535772669850981,0.920502128757268,0.161096385992402
4.45481827275759,0.0693275271021828,0.0779427737862926,0.795717046559745,-0.537134279211945,0.919258801269763,0.160864506328851
4.45815271757252,0.06963502190951,0.0778139952960264,0.795298209528557,-0.538513519742634,0.918043582523238,0.160631674416504
4.46148716238746,0.0699285655778225,0.0776726089560594,0.79488174405538,-0.539909798924472,0.916856848906549,0.160397875932962
4.4648216072024,0.0702081231693454,0.0775186203051475,0.794467689609154,-0.541322516526271,0.915698966727421,0.160163093873944
4.46815605201734,0.0704736650748005,0.0773520376831607,0.794056086867895,-0.542751064819363,0.914570292049231,0.159927308567429
4.47149049683228,0.0707251670164439,0.0771728722392016,0.7936469777027,-0.544194828796138,0.913471170531597,0.159690497689522
4.47482494164722,0.0709626100490921,0.0769811379389421,0.793240405161169,-0.545653186391924,0.91240193727486,0.159452636282046
4.47815938646215,0.0711859805591372,0.0767768515711767,0.79283641345023,-0.547125508710111,0.91136291666852,0.159213696771844
4.48149383127709,0.0713952702615524,0.0765600327535819,0.792435047918394,-0.548611160250463,0.910354422243714,0.158973648991795
4.48482827609203,0.0715904761948893,0.0763307039376809,0.792036355037447,-0.550109499140487,0.909376756529766,0.158732460203519
4.48816272090697,0.0717716007142719,0.0760888904130039,0.791640382383576,-0.551619877369822,0.90843021091492,0.158490095121779
4.49149716572191,0.0719386514823886,0.0758346203104425,0.791247178617964,-0.553141641027517,0.907515065511278,0.15824651594056
4.49483161053685,0.0720916414584893,0.0755679246047906,0.790856793466839,-0.554674130542144,0.906631589024039,0.158001682360809
4.49816605535178,0.0722305888853905,0.0752888371164704,0.79046927770101,-0.556216680924622,0.905780038625069,0.157755551619844
4.50150050016672,0.072355517274496,0.0749973945124356,0.79008468311488,-0.557768622013686,0.904960659830897,0.157508078522392
4.50483494498166,0.0724664553888396,0.074693636306252,0.789703062504969,-0.559329278723895,0.90417368638515,0.157259215473262
4.5081693897966,0.0725634372241573,0.0743776048573482,0.789324469647942,-0.56089797129608,0.903419340145526,0.157008912511632
4.51150383461154,0.0726465019879973,0.0740493453694353,0.788948959278161,-0.562474015550156,0.902697830975329,0.156757117346937
4.51483827942648,0.0727156940768766,0.0737089058880924,0.788576587064772,-0.564056723140164,0.902009356639627,0.156503775396335
4.51817272424141,0.0727710630514953,0.0733563372975138,0.788207409588337,-0.565645401811493,0.901354102706092,0.156248829823742
4.52150716905635,0.0728126636100172,0.0729916933164165,0.787841484317028,-0.567239355660139,0.900732242450551,0.155992221580413
4.52484161387129,0.0728405555594296,0.0726150304931065,0.787478869582387,-0.568837885393926,0.900143936767316,0.155733889447055
4.52817605868623,0.0728548037849938,0.0722264081997,0.787119624554675,-0.570440288595579,0.899589334084318,0.155473770077446
4.53151050350117,0.0728554782177989,0.0718258886255002,0.786763809217809,-0.572045859987549,0.899068570283105,0.155211798043546
4.53484494831611,0.0728426538004329,0.0714135367695263,0.786411484343919,-0.573653891698485,0.89858176862373,0.154947905882077
4.53817939313104,0.0728164104507844,0.0709894204321957,0.786062711467517,-0.575263673531248,0.898129039674579,0.154682024142544
4.54151383794598,0.0727768330239911,0.0705536102061571,0.785717552859303,-0.576874493232369,0.897710481247165,0.154414081436689
4.54484828276092,0.0727240112725498,0.0701061794662753,0.785376071499621,-0.578485636762837,0.89732617833594,0.154144004489338
4.54818272757586,0.0726580398046048,0.0696472043587671,0.785038331051573,-0.58009638857011,0.896976203063131,0.153871718190628
4.5515171723908,0.0725790180404307,0.0691767637894884,0.784704395833806,-0.581706031861257,0.896660614628662,0.153597145649588
4.55485161720574,0.0724870501671293,0.0686949394113732,0.784374330792995,-0.5833138488771,0.896379459265166,0.153320208249038
4.55818606202067,0.0723822450915571,0.0682018156110263,0.78404820147601,-0.584919121167265,0.896132770198128,0.153040825701799
4.56152050683561,0.0722647163915031,0.0676974794944689,0.783726074001815,-0.586521129866033,0.895920567611174,0.152758916108169
4.56485495165055,0.0721345822651372,0.0671820208720397,0.783408015033083,-0.588119155968867,0.895742858616542,0.152474396014646
4.56818939646549,0.0719919654787493,0.0666555322424549,0.783094091747556,-0.589712480609522,0.895599637230738,0.152187180473869
4.57152384128043,0.0718369933127991,0.0661181087760247,0.782784371809164,-0.591300385337617,0.895490884355413,0.151897183105745
4.57485828609537,0.0716697975063008,0.0655698482970349,0.782478923338904,-0.592882152396565,0.895416567763461,0.151604316159741
4.5781927309103,0.0714905141995621,0.0650108512652897,0.78217781488551,-0.594457065001742,0.895376642090373,0.151308490578294
4.58152717572524,0.0712992838753026,0.0644412207568247,0.781881115395918,-0.596024407618795,0.895371048830831,0.151009616061328
4.58486162054018,0.071096251298174,0.0638610624437883,0.781588894185534,-0.597583466241967,0.895399716340582,0.150707601131832
4.58819606535512,0.0708815654527073,0.0632704845734997,0.781301220908339,-0.599133528672332,0.895462559843575,0.150402353202475
4.59153051017006,0.0706553794797107,0.0626695979466839,0.781018165526819,-0.60067388479583,0.895559481444388,0.150093778643216
4.594864954985,0.0704178506111443,0.0620585158948895,0.780739798281758,-0.602203826860984,0.89569037014593,0.149781782849893
4.59819939979993,0.0701691401034969,0.0614373542570939,0.780466189661888,-0.6037226497562,0.895855101872428,0.149466270313733
4.60153384461487,0.0699094131696928,0.0608062313555009,0.780197410373426,-0.605229651286512,0.896053539497705,0.149147144691775
4.60486828942981,0.0696388389095533,0.0601652679705342,0.779933531309503,-0.6067241324497,0.896285532878734,0.148824308878147
4.60820273424475,0.0693575902388431,0.0595145873150352,0.779674623519493,-0.608205397711622,0.896550918894468,0.14849766507618
4.61153717905969,0.069065843816928,0.0588543150076683,0.779420758178281,-0.609672755280695,0.89684952148994,0.148167114871314
4.61487162387462,0.0687637799730729,0.0581845790455401,0.779172006555447,-0.611125517381373,0.897181151725627,0.147832559304757
4.61820606868956,0.06845158263141,0.057505509776041,0.778928439984412,-0.61256300052654,0.897545607832054,0.147493898947875
4.6215405135045,0.0681294392346055,0.056817239867913,0.778690129831544,-0.613984525788695,0.897942675269643,0.147151033977257
4.62487495831944,0.0677975406662573,0.0561199042815526,0.778457147465238,-0.61538941906981,0.898372126793772,0.146803864250425
4.62820940313438,0.0674560811720506,0.0554136402385547,0.778229564224993,-0.616777011369776,0.898833722525039,0.146452289382162
4.63154384794932,0.0671052582797072,0.0546985871905073,0.778007451390486,-0.61814663905329,0.899327210024712,0.146096208821398
4.63487829276426,0.0667452727177559,0.0539748867870417,0.777790880150668,-0.619497644115117,0.899852324375327,0.145735521928636
4.63821273757919,0.066376328333158,0.0532426828431481,0.777579921572891,-0.620829374443579,0.90040878826643,0.14537012805386
4.64154718239413,0.0659986320078208,0.0525021213057665,0.77737464657208,-0.622141184082188,0.900996312085425,0.144999926614908
4.64488162720907,0.0656123935740296,0.0517533502196571,0.777175125879962,-0.623432433489303,0.901614594013496,0.144624817176241
4.64821607202401,0.0652178257288352,0.0509965196925652,0.776981430014368,-0.624702489795708,0.902263320126587,0.144244699528104
4.65155051683895,0.0648151439474259,0.0502317818596837,0.776793629248621,-0.625950727060006,0.902942164501394,0.143859473765996
4.65488496165388,0.0644045663955223,0.049459290847428,0.776611793581014,-0.62717652652172,0.903650789326329,0.143469040370455
4.65821940646882,0.0639863138408255,0.0486792027365284,0.776435992704412,-0.628379276851998,0.90438884501745,0.143073300287071
4.66155385128376,0.0635606095635576,0.0478916755244553,0.776266295975964,-0.629558374401815,0.905155970339269,0.142672155006727
4.6648882960987,0.0631276792661246,0.0470968690871819,0.776102772386966,-0.630713223447576,0.90595179253045,0.142265506645996
4.66822274091364,0.0626877509819416,0.0462949451402991,0.775945490532856,-0.631843236434012,0.906775927434307,0.141853258027666
4.67155718572858,0.0622410549834529,0.0454860671994925,0.775794518583387,-0.632947834214263,0.907627979634091,0.141435312761359
4.67489163054351,0.0617878236893846,0.0446704005403908,0.775649924252966,-0.634026446287064,0.908507542593001,0.141011575324176
4.67822607535845,0.0613282915712649,0.0438481121577998,0.775511774771177,-0.63507851103091,0.909414198798874,0.140581951141364
4.68156052017339,0.0608626950592492,0.0430193707243305,0.775380136853512,-0.636103475935131,0.9103475199135,0.140146346666919
4.68489496498833,0.060391272447287,0.0421843465484368,0.775255076672302,-0.63710079782776,0.911307066926525,0.139704669464128
4.68822940980327,0.0599142637976662,0.0413432115318712,0.775136659827881,-0.63806994310009,0.912292390313857,0.13925682828597
4.69156385461821,0.0594319108449745,0.0404961391265734,0.77502495131997,-0.639010387927863,0.913303030200544,0.138802733155354
4.69489829943314,0.0589444568995121,0.0396433042910037,0.774920015519326,-0.63992161848895,0.91433851652806,0.138342295445154
4.69823274424808,0.0584521467501955,0.038784883445932,0.774821916139631,-0.640803131177468,0.915398369225928,0.137875427957976
4.70156718906302,0.0579552265669906,0.0379210544297001,0.774730716209656,-0.641654432814222,0.916482098387623,0.137402045005651
4.70490163387796,0.0574539438029102,0.0370519964529652,0.774646478045707,-0.642475040853389,0.917589204450697,0.136922062488372
4.7082360786929,0.0569485470956176,0.0361778900529415,0.774569263224359,-0.643264483585355,0.918719178381054,0.136435397973467
4.71157052350784,0.0564392861686711,0.0352989170471518,0.774499132555488,-0.644022300335625,0.919871501861302,0.135941970773741
4.71490496832277,0.0559264117324507,0.0344152604867054,0.774436146055618,-0.644748041659709,0.921045647483119,0.13544170202536
4.71823941313771,0.0554101753848029,0.0335271046091125,0.774380362921593,-0.645441269533905,0.922241078943565,0.134934514765232
4.72157385795265,0.0548908295114444,0.0326346347906532,0.774331841504572,-0.646101557541911,0.923457251245258,0.134420334007835
4.72490830276759,0.0543686271861602,0.0317380374983124,0.774290639284373,-0.646728491057157,0.924693610900341,0.133899086821461
4.72824274758253,0.0538438220708388,0.0308375002412984,0.774256812844171,-0.647321667420807,0.925949596138167,0.133370702403832
4.73157719239747,0.05331666831538,0.0299332115221575,0.774230417845546,-0.647880696115337,0.927224637116625,0.132835112157039
4.7349116372124,0.0527874204575144,0.0290253607875001,0.774211509003914,-0.648405198933618,0.928518156137019,0.132292249761775
4.73824608202734,0.052256333322575,0.0281141383783545,0.774200140064331,-0.648894810143431,0.92982956786243,0.131742051250813
4.74158052684228,0.0517236619232574,0.0271997354801624,0.774196363777689,-0.649349176647342,0.931158279539466,0.13118445508169
4.74491497165722,0.0511896613594095,0.0262823440724335,0.774200231877304,-0.649767958137871,0.932503691223328,0.130619402208557
4.74824941647216,0.050654586717887,0.0253621568780723,0.774211795055918,-0.650150827247872,0.933865196006093,0.130046836153158
4.7515838612871,0.0501186929725156,0.0244393673123952,0.774231102943106,-0.650497469696081,0.935242180248143,0.129466703074891
4.75491830610203,0.0495822348841962,0.0235141694318518,0.774258204083119,-0.650807584427744,0.936634023812633,0.128878951839923
4.75825275091697,0.0490454669011936,0.022586757882469,0.774293145913134,-0.651080883750279,0.938040100302924,0.128283534089306
4.76158719573191,0.0485086430596458,0.0216573278480324,0.774335974741972,-0.651317093463908,0.939459777302877,0.127680404306068
4.76492164054685,0.0479720168843313,0.0207260749980193,0.774386735729231,-0.651515952987189,0.940892416619927,0.127069519881232
4.76825608536179,0.0474358412897363,0.0197931954353072,0.774445472864895,-0.651677215477409,0.942337374530837,0.126450841178733
4.77159053017673,0.0469003684814538,0.0188588856436632,0.774512228949384,-0.651800647945771,0.943794002030028,0.125824331599183
4.77492497499166,0.0463658498579586,0.0179233424350426,0.774587045574088,-0.651886031367326,0.945261645080413,0.125189957642466
4.7782594198066,0.045832535912791,0.0169867628967041,0.774669963102352,-0.6519331607856,0.946739644866607,0.124547688969106
4.78159386462154,0.0453006761371895,0.0160493443381647,0.77476102065096,-0.651941845411871,0.948227338050447,0.123897498460386
4.78492830943648,0.0447705189232085,0.0151112842380076,0.774860256072086,-0.651911908719037,0.949724057028686,0.123239362277179
4.78826275425142,0.0442423114673591,0.0141727801905628,0.774967705935749,-0.651843188530053,0.951229130192798,0.122573259917452
4.79159719906636,0.0437162996748079,0.0132340298524756,0.775083405512753,-0.65173553710087,0.952741882190763,0.121899174272413
4.79493164388129,0.0431927280641732,0.0122952308891813,0.775207388758135,-0.651588821197855,0.954261634190742,0.121217091681267
4.79826608869623,0.0426718396729514,0.0113565809213022,0.775339688295114,-0.651402922169648,0.955787704146544,0.120527001984543
4.80160053351117,0.0421538759636133,0.010418277470987,0.775480335399552,-0.651177736013414,0.957319407064762,0.119828898575963
4.80493497832611,0.0416390767304031,0.00948051790820523,0.775629359984929,-0.650913173435472,0.958856055273501,0.119122778452824
4.80826942314105,0.0411276800068778,0.00854349939702078,0.77578679058784,-0.650609159906255,0.960396958692555,0.118408642264852
4.81160386795599,0.0406199219742204,0.00760741884185511,0.775952654354013,-0.650265635709584,0.961941425104967,0.11768649436151
4.81493831277092,0.0401160368703619,0.00667247283376178,0.776126977024848,-0.649882555986215,0.963488760429833,0.116956342837709
4.81827275758586,0.0396162568999489,0.00573885759673014,0.776309782924499,-0.649459890771661,0.965038268996257,0.116218199577924
4.8216072024008,0.0391208121451872,0.00480676893403308,0.776501094947476,-0.648997625028233,0.96658925381834,0.115472080298651
4.82494164721574,0.0386299304775988,0.00387640217463865,0.776700934546794,-0.648495758671309,0.968141016871112,0.114718004589205
4.82827609203068,0.0381438374707219,0.00294795211970186,0.776909321722652,-0.647954306589802,0.969692859367267,0.113955995950811
4.83161053684562,0.0376627563137915,0.00202161298915601,0.77712627501166,-0.647373298660811,0.97124408203462,0.113186081833979
4.83494498166055,0.0371869077264289,0.00109757836841884,0.777351811476607,-0.646752779758448,0.972793985394158,0.112408293674122
4.83827942647549,0.0367165098743739,0.000176041155232182,0.777585946696773,-0.646092809756826,0.97434187003858,0.111622666925397
4.84161387129043,0.036251778286293,-0.000742806493345622,0.777828694758795,-0.645393463527206,0.975887036911212,0.110829241092749
4.84494831610537,0.035792925771692,-0.00165877321378159,0.77808006824807,-0.644654830929285,0.977428787585192,0.11002805976213
4.84828276092031,0.0353401623399663,-0.00257166848871998,0.778340078240718,-0.64387701679665,0.978966424542799,0.109219170628865
4.85161720573524,0.0348936951206175,-0.00348130269943368,0.778608734296094,-0.643060140916354,0.980499251454832,0.108402625524155
4.85495165055018,0.0344537282846673,-0.00438748717805274,0.778886044449847,-0.642204338002665,0.982026573459912,0.107578480439683
4.85828609536512,0.0340204629672979,-0.00529003425955547,0.779172015207534,-0.641309757664949,0.983547697443603,0.106746795550313
4.86162054018006,0.0335940971917473,-0.00618875733350207,0.779466651538785,-0.640376564369723,0.985061932317229,0.105907635234853
4.864954984995,0.0331748257944887,-0.00708347089549666,0.779769956872026,-0.639404937396873,0.986568589296295,0.10506106809487
4.86828942980994,0.0327628403517208,-0.00797399059835864,0.780081933089741,-0.638395070790049,0.988066982178371,0.104207166971538
4.87162387462488,0.0323583291071978,-0.00886013330298554,0.780402580524297,-0.637347173301263,0.989556427620356,0.103346008960492
4.87495831943981,0.0319614769014241,-0.00974171712889261,0.780731897954315,-0.636261468329682,0.991036245414983,0.102477675424696
4.87829276425475,0.0315724651022419,-0.0106185615044101,0.781069882601588,-0.63513819385466,0.992505758766475,0.101602252005276
4.88162720906969,0.0311914715368355,-0.0114904872165229,0.781416530128552,-0.633977602363016,0.993964294565222,0.100719828630332
4.88496165388463,0.0308186704251788,-0.0123573164603342,0.781771834636298,-0.632779960770579,0.995411183661382,0.099830499521705
4.88829609869957,0.0304542323149496,-0.0132188728881383,0.782135788663133,-0.63154555033804,0.996845761137282,0.0989343631996786
4.8916305435145,0.0300983240179359,-0.0140749816580837,0.782508383183685,-0.630274666581116,0.998267366578519,0.0980315224856193
4.89496498832944,0.0297511085479556,-0.0149254694824132,0.782889607608541,-0.628967619175082,0.99967534434364,0.0971220845025313
4.89829943314438,0.0294127450603137,-0.0157701646752619,0.783279449784431,-0.627624731853682,1.0010690438323,0.0962061606735215
4.90163387795932,0.0290833887928192,-0.0166088971999983,0.783677895994946,-0.626246342302467,1.00244781975177,0.0952838667181684
4.90496832277426,0.0287631910083823,-0.0174414987160916,0.784084930961783,-0.62483280204659,1.00381103238174,0.09435532264678
4.9083027675892,0.0284522989392135,-0.0182678026254909,0.78450053784653,-0.623384476333101,1.0051580478372,0.0934206527525405
4.91163721240413,0.0281508557326439,-0.0190876441184994,0.784924698252964,-0.621901744007782,1.00648823832942,0.0924799856015349
4.91497165721907,0.0278590003985879,-0.0199008602191269,0.785357392229883,-0.620384997386566,1.00780098242483,0.0915334540206504
4.91830610203401,0.0275768677586647,-0.0207072898299082,0.785798598274452,-0.618834642121591,1.00909566530173,0.0905811950833468
4.92164054684895,0.0273045883969997,-0.0215067737761695,0.786248293336062,-0.617251097061922,1.0103716790047,0.0896233500932959
4.92497499166389,0.0270422886127206,-0.0222991548497293,0.786706452820703,-0.615634794109014,1.01162842269668,0.088660064565885
4.92830943647883,0.0267900903741674,-0.0230842778520174,0.787173050595844,-0.61398617806695,1.01286530290846,0.0876914882075867
4.93164388129376,0.0265481112748307,-0.0238619896365987,0.787648058995812,-0.612305706487518,1.01408173378566,0.0867177748931919
4.9349783261087,0.0263164644910351,-0.0246321391510874,0.788131448827667,-0.610593849510181,1.01527713733297,0.085739082640908
4.93831277092364,0.0260952587413816,-0.0253945774784354,0.788623189377572,-0.608851089697001,1.0164509436556,0.084755573585324
4.94164721573858,0.0258845982479637,-0.026149157877584,0.789123248417651,-0.607077921862574,1.01760259119782,0.0837674139482458
4.94498166055352,0.0256845826993701,-0.0268957358234603,0.789631592213324,-0.605274852899048,1.01873152697851,0.0827747740074055
4.94831610536846,0.0254953072154875,-0.0276341690463103,0.79014818553112,-0.603442401596276,1.01983720682362,0.0817778280630482
4.95165055018339,0.0253168623141141,-0.0283643175703505,0.790672991646961,-0.601581098457187,1.02091909559535,0.0807767544024041
4.95498499499833,0.025149333879397,-0.0290860437517274,0.791205972354912,-0.599691485508427,1.02197666741822,0.079771735262051
4.95831943981327,0.0249928031321016,-0.0297992123157707,0.791747087976381,-0.597774116106364,1.0230094059015,0.0787629567881768
4.96165388462821,0.0248473466017254,-0.0305036903935275,0.792296297369784,-0.5958295547385,1.0240168043584,0.077750608994749
4.96498832944315,0.0247130361004634,-0.0311993475575672,0.792853557940644,-0.593858376820396,1.02499836602153,0.0767348857196011
4.96832277425809,0.0245899386990337,-0.0318860558570393,0.793418825652134,-0.591861168488165,1.02595360425473,0.07571598457845
4.97165721907302,0.0244781167043722,-0.0325636898519798,0.793992055036056,-0.589838526386623,1.02688204276119,0.0746941069168506
4.97499166388796,0.0243776276392015,-0.0332321266468465,0.794573199204236,-0.587791057453175,1.02778321578764,0.0736694577601056
4.9783261087029,0.0242885242234814,-0.0338912459232781,0.795162209860348,-0.58571937869752,1.02865666832473,0.0726422457611408
4.98166055351784,0.0242108543577458,-0.034540929972062,0.795759037312139,-0.583624116977254,1.02950195630324,0.0716126831463624
4.98499499833278,0.0241446611083308,-0.0351810637243008,0.79636363048407,-0.581505908769467,1.03031864678631,0.070580985659511
4.98832944314772,0.0240899826944978,-0.0358115347817673,0.796975936930339,-0.579365399938413,1.03110631815748,0.0695473725035306
4.99166388796265,0.0240468524774554,-0.0364322334464373,0.79759590284831,-0.577203245499341,1.03186456030434,0.068512066280468
4.99499833277759,0.0240152989512809,-0.037043052749189,0.798223473092306,-0.575020109378595,1.03259297479803,0.0674752929294225
4.99833277759253,0.0239953457357453,-0.0376438884776614,0.798858591187787,-0.572816664170043,1.03329117506815,0.0664372816625656
5.00166722240747,0.0239870115710404,-0.038234639203259,0.79950119934589,-0.570593590887969,1.03395878657326,0.0653982648992513
5.00500166722241,0.0239903103144103,-0.0388152063072973,0.80015123847833,-0.568351578716486,1.03459544696678,0.0643584781982361
5.00833611203735,0.0240052509386848,-0.0393854940062755,0.800808648212639,-0.566091324755598,1.03520080625826,0.063318160188036
5.01167055685228,0.0240318375327153,-0.0399454093762716,0.801473366907764,-0.563813533763985,1.03577452696995,0.0622775524954383
5.01500500166722,0.0240700693037087,-0.0404948623764505,0.802145331669978,-0.561518917898627,1.03631628428852,0.061236899672196
5.01833944648216,0.0241199405814594,-0.0410337658716751,0.802824478369135,-0.559208196451362,1.03682576621203,0.0601964491199286
5.0216738912971,0.0241814408244734,-0.0415620356542153,0.80351074165522,-0.556882095582477,1.03730267369188,0.0591564510132547
5.02500833611204,0.0242545546279811,-0.0420795904645448,0.804204054975228,-0.554541348051449,1.03774672076987,0.0581171582211867
5.02834278092698,0.0243392617338346,-0.0425863520112216,0.804904350590322,-0.552186692944922,1.03815763471017,0.0570788262268097
5.03167722574191,0.0244355370422818,-0.0430822449898417,0.805611559593292,-0.549818875402037,1.03853515612619,0.0560417130452785
5.03501167055685,0.024543350625613,-0.0435671971010629,0.806325611926291,-0.547438646337234,1.03887903910233,0.0550060791401588
5.03834611537179,0.024662667743671,-0.0440411390676904,0.807046436398845,-0.545046762160598,1.03918905131048,0.0539721873381457
5.04168056018673,0.0247934488612178,-0.0445040046508184,0.807773960706121,-0.54264398449591,1.03946497412129,0.0529403027421881
5.04501500500167,0.024935649667149,-0.0449557306650239,0.808508111447453,-0.54023107989646,1.03970660271008,0.0519106926430509
5.04834944981661,0.0250892210955454,-0.0453962569926045,0.809248814145113,-0.537808819558778,1.0399137461574,0.0508836264293539
5.05168389463154,0.0252541093485546,-0.0458255265968589,0.809995993263315,-0.535377979034364,1.04008622754424,0.0498593754961093
5.05501833944648,0.0254302559210877,-0.0462434855344018,0.810749572227443,-0.532939337939549,1.04022388404167,0.0488382131518057
5.05835278426142,0.0256175976273234,-0.0466500829665123,0.811509473443508,-0.530493679663595,1.04032656699508,0.0478204145240625
5.06168722907636,0.0258160666290045,-0.04704527116951,0.812275618317793,-0.528041791075142,1.04039414200282,0.0468062564638977
5.0650216738913,0.0260255904655165,-0.0474290055441555,0.813047927276717,-0.52558446222713,1.04042648898927,0.0457960174486424
5.06835611870624,0.026246092085731,-0.0478012446240725,0.813826319786872,-0.523122486060304,1.04042350227233,0.044789977483541
5.07169056352117,0.0264774898816041,-0.0481619500831885,0.814610714375253,-0.520656658105422,1.04038509062522,0.0437884180020748
5.07502500833611,0.0267196977235118,-0.0485110867421922,0.815401028649648,-0.518187776184278,1.04031117733262,0.0427916217650452
5.07835945315105,0.0269726249973063,-0.0488486225740032,0.816197179319193,-0.515716640109669,1.04020170024108,0.0417998727584632
5.08169389796599,0.0272361766430807,-0.0491745287082558,0.816999082215086,-0.513244051384416,1.04005661180374,0.0408134560902764
5.08502834278093,0.0275102531956205,-0.0494887794347921,0.817806652311426,-0.510770812899553,1.03987587911921,0.0398326578859789
5.08836278759587,0.0277947508265278,-0.049791352206165,0.818619803746207,-0.508297728631824,1.03965948396473,0.0388577651831484
5.0916972324108,0.0280895613879977,-0.05008222763915,0.819438449842417,-0.505825603340578,1.03940742282352,0.0378890658249456
5.09503167722574,0.0283945724582298,-0.0503613895152658,0.820262503129262,-0.503355242264209,1.03911970690625,0.0369268483526241
5.09836612204068,0.0287096673884544,-0.0506288247803022,0.821091875363494,-0.500887450816249,1.03879636216674,0.0359714018970921
5.10170056685562,0.0290347253515528,-0.0508845235428573,0.82192647755083,-0.498423034281227,1.03843742931178,0.0350230160695698
5.10503501167056,0.0293696213922527,-0.0511284790718841,0.822766219967461,-0.495962797510436,1.03804296380505,0.0340819808513854
5.1083694564855,0.0297142264788747,-0.0513606877932463,0.823611012181643,-0.493507544617704,1.03761303586523,0.0331485864829598
5.11170390130043,0.0300684075566119,-0.0515811492852869,0.824460763075345,-0.491058078675309,1.0371477304582,0.0322231233520173
5.11503834611537,0.0304320276023153,-0.0517898662734087,0.825315380865965,-0.488615201410148,1.03664714728334,0.0313058818810755
5.11837279093031,0.030804945680767,-0.0519868446236712,0.826174773128095,-0.486179712900284,1.03611140075398,0.0303971524142563
5.12170723574525,0.0311870170024129,-0.0521720933354045,0.827038846815322,-0.483752411271995,1.03554061997196,0.0294972251034678
5.12504168056019,0.0315780929825347,-0.0523456245328437,0.827907508282066,-0.481334092397435,1.03493494869625,0.0286063897939996
5.12837612537512,0.0319780213018335,-0.052507453455787,0.828780663305441,-0.47892554959304,1.03429454530582,0.0277249359095875
5.13171057019006,0.0323866459684018,-0.0526575984492797,0.829658217107122,-0.476527573318795,1.03361958275652,0.0268531523369859
5.135045015005,0.0328038073810571,-0.0527960809523306,0.83054007437523,-0.47414095087847,1.03291024853213,0.0259913273101019
5.13837945981994,0.0332293423940111,-0.0529229254856616,0.831426139286204,-0.471766466120965,1.03216674458964,0.0251397482937419
5.14171390463488,0.0336630843828475,-0.0530381596384968,0.832316315526663,-0.469404899142869,1.03138928729863,0.0242987018670123
5.14504834944982,0.0341048633117821,-0.0531418140543967,0.833210506315249,-0.46705702599235,1.03057810737482,0.0234684736064311
5.14838279426476,0.0345545058021759,-0.0532339224161401,0.834108614424441,-0.464723618374506,1.0297334498079,0.0226493479687961
5.15171723907969,0.0350118352022749,-0.0533145214296617,0.83501054220233,-0.462405443358279,1.02885557378353,0.0218416081738608
5.15505168389463,0.0354766716581459,-0.0533836508070495,0.835916191594345,-0.46010326308507,1.02794475259962,0.0210455360868679
5.15838612870957,0.0359488321857808,-0.0534413532486097,0.836825464164932,-0.457817834479142,1.02700127357689,0.0202614121009916
5.16172057352451,0.0364281307443396,-0.0534876744240034,0.837738261119167,-0.455549908959957,1.02602543796374,0.019489515019737
5.16505501833945,0.0369143783105017,-0.0535226629524643,0.838654483324297,-0.453300232156538,1.02501756083543,0.018730121939351
5.16838946315438,0.0374073829538946,-0.0535463703821032,0.839574031331202,-0.451069543623992,1.02397797098769,0.0179835081312936
5.17172390796932,0.0379069499135713,-0.0535588511683065,0.84049680539578,-0.448858576562278,1.02290701082468,0.0172499469248187
5.17505835278426,0.0384128816755031,-0.0535601626512378,0.841422705500225,-0.446668057537367,1.02180503624147,0.0165297095897199
5.1783927975992,0.0389249780510583,-0.0535503650324493,0.842351631374213,-0.444498706204873,1.02067241650091,0.0158230652192894
5.18172724241414,0.0394430362564323,-0.0535295213506122,0.843283482515977,-0.442351235036295,1.01950953410517,0.0151302806135425
5.18506168722908,0.0399668509930003,-0.0534976974563747,0.844218158213264,-0.44022634904795,1.01831678466168,0.0144516201627587
5.18839613204401,0.0404962145285568,-0.0534549619863567,0.845155557564171,-0.438124745532735,1.01709457674389,0.0137873457313921
5.19173057685895,0.0410309167794122,-0.0534013863362904,0.846095579497851,-0.436047113794796,1.01584333174653,0.0131377165423987
5.19506502167389,0.0415707453933101,-0.0533370446333162,0.847038122795074,-0.433994134887237,1.0145634837357,0.0125029890620394
5.19839946648883,0.0421154858331346,-0.0532620137074448,0.847983086108657,-0.431966481352957,1.01325547929372,0.0118834168852005
5.20173391130377,0.042664921461373,-0.0531763730621945,0.848930367983735,-0.429964816968719,1.01191977735879,0.0112792506212916
5.20506835611871,0.0432188336252997,-0.0530802048444155,0.849879866877871,-0.427989796492568,1.01055684905955,0.0106907377807661
5.20840280093364,0.0437770017428463,-0.0529735938133107,0.85083148118101,-0.426042065414675,1.00916717754462,0.0101181226623191
5.21173724574858,0.0443392033891261,-0.0528566273086655,0.851785109235262,-0.424122259711738,1.00775125780714,0.00956164624081161
5.21507169056352,0.0449052143835751,-0.0527293952182971,0.852740649354499,-0.422231005605006,1.00630959650436,0.00902154605597274
5.21840613537846,0.0454748088776774,-0.0525919899447349,0.853697999843786,-0.420368919322047,1.00484271177241,0.00849805610193014
5.2217405801934,0.0460477594432386,-0.0524445063711447,0.854657059018608,-0.418536606862337,1.00335113303632,0.00799140671761876
5.22507502500834,0.0466238371611711,-0.0522870418265082,0.855617725223916,-0.416734663766788,1.00183540081521,0.00750182447811984
5.22840946982327,0.0472028117107579,-0.0521196960500712,0.856579896852962,-0.41496367489128,1.00029606652299,0.00702953208697743
5.23174391463821,0.0477844514593588,-0.0519425711550712,0.857543472365944,-0.413224214184305,0.998733692264342,0.00657474826954397
5.23507835945315,0.0483685235525218,-0.0517557715917607,0.858508350308424,-0.411516844468806,0.997148850626344,0.00613768766740374
5.23841280426809,0.0489547940044661,-0.0515594041097358,0.859474429329547,-0.409842117228302,0.995542124465571,0.00571856073392333
5.24174724908303,0.0495430277888987,-0.0513535777195867,0.860441608200031,-0.408200572397384,0.993914106690931,0.00531757363097788
5.24508169389797,0.0501329889301315,-0.0511384036538814,0.861409785829934,-0.406592738156654,0.992265400042225,0.00493492812690022
5.2484161387129,0.0507244405944584,-0.0509139953274988,0.862378861286199,-0.405019130732217,0.990596616864537,0.00457082149570406
5.25175058352784,0.0513171451817616,-0.0506804682973228,0.86334873380995,-0.403480254199771,0.98890837887855,0.00422544641762447
5.25508502834278,0.051910864417306,-0.0504379402213148,0.864319302833574,-0.401976600293408,0.987201316946856,0.00389899088102679
5.25841947315772,0.052505359443689,-0.0501865308169767,0.865290467997537,-0.400508648219169,0.98547607083637,0.00359163808572765
5.26175391797266,0.0531003909129076,-0.0499263618192205,0.866262129166971,-0.399076864473463,0.983733288976914,0.00330356634777621
5.2650883627876,0.0536957190785078,-0.0496575569376593,0.867234186448007,-0.397681702666385,0.981973628216092,0.00303494900574043
5.26842280760253,0.0542911038877783,-0.0493802418133354,0.868206540203855,-0.396323603350044,0.980197753570518,0.00278595432854389
5.27175725241747,0.0548863050739541,-0.0490945439748997,0.869179091070629,-0.395002993851928,0.978406337973522,0.00255674542489801
5.27509169723241,0.0554810822483939,-0.0488005927942596,0.870151739972914,-0.393720288113409,0.976600062019402,0.00234748015437292
5.27842614204735,0.0560751949926923,-0.0484985194417105,0.871124388139063,-0.392475886533434,0.974779613704353,0.00215831104015217
5.28176058686229,0.056668402950695,-0.0481884568405668,0.872096937116245,-0.39127017581746,0.972945688164139,0.00198938518351243
5.28509503167723,0.0572604659203782,-0.0478705396213081,0.873069288785211,-0.390103528831713,0.971098987408629,0.00184084418007147
5.28842947649216,0.0578511439455563,-0.0475449040752593,0.874041345374796,-0.388976304462806,0.969240220053302,0.00171282403784682
5.2917639213071,0.0584401974073844,-0.0472116881078172,0.87501300947615,-0.387888847482796,0.967370101047805,0.00160545509716389
5.29509836612204,0.0590273871156167,-0.0468710311912446,0.875984184056688,-0.386841488419708,0.965489351401694,0.00151886195245704
5.29843281093698,0.0596124743995893,-0.0465230743170451,0.876954772473774,-0.385834543433602,0.963598697907442,0.00145316337600025
5.30176725575192,0.0601952211988871,-0.0461679599479381,0.877924678488121,-0.384868314198218,0.961698872860834,0.00140847224360865
5.30510170056686,0.0607753901536656,-0.0458058319694488,0.878893806276906,-0.383943087788248,0.95979061377886,0.00138489546234787
5.30843614538179,0.0613527446945862,-0.0454368356411337,0.879862060446617,-0.383059136572286,0.957874663115201,0.00138253390028938
5.31177059019673,0.0619270491323354,-0.0450611175474552,0.880829346045607,-0.38221671811149,0.955951767973435,0.00140148231834793
5.31510503501167,0.0624980687466909,-0.0446788255483253,0.881795568576366,-0.381416075064004,0.954022679818067,0.00144182930423779
5.31843947982661,0.0630655698751003,-0.0442901087293351,0.882760634007518,-0.380657435095176,0.952088154183487,0.00150365720858207
5.32177392464155,0.0636293200007386,-0.0438951173516885,0.883724448785518,-0.379941010793602,0.950148950380997,0.00158704208321053
5.32510836945649,0.0641890878400116,-0.0434940028018555,0.884686919846076,-0.379266999593038,0.948205831203986,0.00169205362167807
5.32844281427142,0.0647446434294684,-0.0430869175409678,0.885647954625291,-0.378635583700205,0.946259562631397,0.00181875510203789
5.33177725908636,0.065295758212094,-0.0426740150539691,0.886607461070498,-0.378046930028517,0.944310913529586,0.00196720333189968
5.3351117039013,0.0658422051229465,-0.0422554497985408,0.887565347650828,-0.377501190137761,0.942360655352694,0.00213744859580538
5.33844614871624,0.0663837586741047,-0.0418313771538233,0.888521523367486,-0.376998500179745,0.940409561841661,0.00232953460495079
5.34178059353118,0.0669201950388973,-0.0414019533689468,0.889475897763741,-0.376538980849947,0.938458408721975,0.00254349844928328
5.34511503834612,0.0674512921353787,-0.040967335511392,0.890428380934631,-0.37612273734517,0.936507973400298,0.00277937055200327
5.34844948316105,0.0679768297090208,-0.0405276814152002,0.891378883536383,-0.375749859327236,0.934559034660085,0.00303717462649686
5.35178392797599,0.0684965894145893,-0.0400831496290489,0.892327316795549,-0.375420420892712,0.932612372356303,0.00331692763572583
5.35511837279093,0.0690103548971725,-0.0396338993642118,0.893273592517866,-0.375134480548705,0.930668767109381,0.00361863975409988
5.35845281760587,0.0695179118723338,-0.0391800904424233,0.89421762309682,-0.374892081194707,0.928728999998514,0.00394231433185597
5.36178726242081,0.0700190482053561,-0.0387218832436631,0.895159321521947,-0.374693250110522,0.926793852254434,0.00428794786196829
5.36512170723574,0.0705135539895477,-0.0382594386538814,0.896098601386842,-0.374537998950264,0.924864104951774,0.00465552994960971
5.36845615205068,0.0710012216235821,-0.0377929180126836,0.897035376896896,-0.374426323742432,0.922940538701149,0.00504504328418735
5.37179059686562,0.0714818458878413,-0.0373224830609899,0.89796956287676,-0.374358204896059,0.921023933341073,0.00545646361397265
5.37512504168056,0.0719552240197345,-0.036848295888692,0.898901074777528,-0.374333607212937,0.919115067629833,0.0058897597233435
5.3784594864955,0.0724211557879629,-0.0363705188823222,0.899829828683657,-0.374352479905911,0.917214718937444,0.00634489341265873
5.38179393131044,0.0728794435657049,-0.0358893146727557,0.900755741319614,-0.374414756623222,0.915323662937813,0.00682181948077982
5.38512837612538,0.0733298924026922,-0.0354048460829631,0.901678730056253,-0.374520355478913,0.913442673301222,0.00732048571025762
5.38846282094031,0.0737723100961519,-0.0349172760758314,0.902598712916932,-0.374669179089257,0.911572521387267,0.00784083285519825
5.39179726575525,0.0742065072605871,-0.0344267677020727,0.903515608583369,-0.374861114615212,0.909713975938361,0.00838279463182195
5.39513171057019,0.0746322973963701,-0.0339334840482383,0.904429336401233,-0.375096033810874,0.907867802773937,0.00894629771172683
5.39846615538513,0.0750494969571239,-0.0334375881848563,0.905339816385483,-0.375373793077919,0.906034764485464,0.00953126171787152
5.40180060020007,0.0754579254158663,-0.0329392431147117,0.906246969225458,-0.375694233525988,0.904215620132403,0.0101375992232841
5.405135045015,0.0758574053298936,-0.0324386117212843,0.907150716289706,-0.376057181039027,0.902411124939212,0.0107652157525098
5.40846948982994,0.0762477624043768,-0.0319358567173681,0.908050979630579,-0.376462446347508,0.900622029993549,0.0114140097858025
5.41180393464488,0.0766288255546526,-0.0314311405938833,0.908947681988572,-0.376909825106548,0.898849081945763,0.0120838727660696
5.41513837945982,0.0770004269671809,-0.0309246255689037,0.909840746796435,-0.377399097979854,0.89709302270981,0.0127746891085753
5.41847282427476,0.0773624021591509,-0.0304164735369153,0.91073009818304,-0.377930030729489,0.895354589165719,0.0134863362134072
5.4218072690897,0.0777145900367124,-0.029906846018323,0.91161566097702,-0.3785023743114,0.893634512863707,0.0142186844807102
5.42514171390463,0.0780568329518105,-0.0293959041092264,0.912497360710175,-0.379115864976683,0.891933519730085,0.0149715973286882
5.42847615871957,0.0783889767576062,-0.0288838084314769,0.913375123620661,-0.379770224378532,0.890252329775063,0.0157449312143791
5.43181060353451,0.0787108708624601,-0.0283707190830381,0.914248876655951,-0.380465159684846,0.888591656802563,0.0165385356571985
5.43514504834945,0.0790223682824621,-0.027856795588664,0.915118547475586,-0.381200363696416,0.886952208122179,0.0173522532652548
5.43847949316439,0.0793233256924876,-0.0273421968509132,0.915984064453709,-0.381975514970681,0.885334684263378,0.0181859197644316
5.44181393797933,0.0796136034757623,-0.0268270811015156,0.916845356681395,-0.382790277950976,0.883739778692073,0.0190393640302343
5.44514838279426,0.0798930657719188,-0.026311605853108,0.917702353968778,-0.383644303101219,0.882168177529671,0.0199124081223985
5.4484828276092,0.0801615805235276,-0.025795927851357,0.918554986846977,-0.384537227046007,0.880620559274722,0.0208048673222489
5.45181727242414,0.0804190195210872,-0.0252802030274824,0.919403186569831,-0.385468672716024,0.87909759452727,0.021716550172811
5.45515171723908,0.0806652584464563,-0.0247645864512013,0.920246885115444,-0.386438249498744,0.877599945716031,0.0226472585216571
5.45848616205402,0.0809001769147166,-0.024249232284106,0.921086015187543,-0.387445553394326,0.876128266828488,0.0235967875664864
5.46182060686896,0.0811236585144475,-0.0237342937334925,0.921920510216665,-0.388490167176675,0.874683203144043,0.0245649259034236
5.46515505168389,0.0813355908464036,-0.0232199230066565,0.922750304361156,-0.389571660559571,0.8732653909703,0.0255514555780258
5.46848949649883,0.081535865560579,-0.022706271265671,0.923575332508015,-0.39068959036782,0.871875457382622,0.0265561521389863
5.47182394131377,0.0817243783916477,-0.0221934885826619,0.924395530273567,-0.391843500713343,0.870514019967033,0.0275787846945188
5.47515838612871,0.0819010291927688,-0.0216817238955952,0.925210834003975,-0.393032923176145,0.8691816865666,0.0286191159714109
5.47849283094365,0.0820657219677444,-0.0211711249645944,0.926021180775601,-0.394257376990071,0.867879055031382,0.0296769023767258
5.48182727575859,0.0822183649015218,-0.0206618383287978,0.926826508395217,-0.395516369233293,0.866606712972051,0.0307518940621394
5.48516172057352,0.0823588703890283,-0.0201540092637746,0.927626755400077,-0.39680939502343,0.865365237517289,0.0318438349908918
5.48849616538846,0.0824871550623327,-0.0196477817395115,0.928421861057844,-0.398135937717247,0.86415519507506,0.032952463007336
5.4918306102034,0.0826031398161219,-0.019143298378986,0.929211765366393,-0.399495469114821,0.862977141097852,0.0340775099090581
5.49516505501834,0.0827067498314882,-0.0186407004173381,0.929996409053473,-0.400887449668111,0.86183161985199,0.0352187015215533
5.49849949983328,0.0827979145980195,-0.0181401276616558,0.930775733576266,-0.402311328693847,0.860719164191115,0.0363757577754315
5.50183394464822,0.0828765679341848,-0.0176417184513865,0.931549681120816,-0.403766544590639,0.859640295333909,0.0375483927861278
5.50516838946315,0.0829426480060128,-0.0171456096193885,0.932318194601351,-0.405252525060224,0.85859552264619,0.0387363149360959
5.50850283427809,0.0829960973440554,-0.0166519364536354,0.933081217659502,-0.406768687332768,0.857585343427424,0.0399392269594533
5.51183727909303,0.0830368628586354,-0.0161608326595852,0.93383869466342,-0.40831443839611,0.856610242701781,0.0411568260290552
5.51517172390797,0.0830648958533723,-0.0156724303232272,0.934590570706799,-0.409889175228883,0.855670693013801,0.0423888038459679
5.51850616872291,0.0830801520369856,-0.0151868598748189,0.935336791607817,-0.411492285037391,0.854767154228755,0.0436348467313099
5.52184061353785,0.0830825915333726,-0.0147042500533238,0.936077303907983,-0.413123145496169,0.853900073337798,0.0448946357204324
5.52517505835278,0.0830721788899597,-0.0142247278715641,0.936812054870914,-0.414781124992095,0.85306988426798,0.0461678466594069
5.52850950316772,0.0830488830843277,-0.0137484185820952,0.937540992481042,-0.416465582871999,0.852277007697198,0.0474541503037882
5.53184394798266,0.0830126775291088,-0.0132754456438187,0.938264065442251,-0.418175869693625,0.851521850874184,0.0487532124196144
5.5351783927976,0.0829635400751595,-0.0128059306893396,0.938981223176455,-0.419911327479878,0.850804807443574,0.0500646938866191
5.53851283761254,0.0829014530130077,-0.0123399934930811,0.939692415822119,-0.421671289976222,0.850126257276152,0.0513882508036075
5.54184728242748,0.0828264030725787,-0.0118777519401661,0.940397594232736,-0.423455082911153,0.849486566304345,0.0527235345959704
5.54518172724241,0.082738381421202,-0.0114193219960755,0.941096709975258,-0.425262024259625,0.848886086363021,0.0540701921252939
5.54851617205735,0.082637383659902,-0.0109648176770924,0.941789715328483,-0.427091424509317,0.848325155035668,0.0554278658010242
5.55185061687229,0.0825234098179784,-0.0105143510215424,0.942476563281418,-0.428942586929649,0.847804095506021,0.056796193694153
5.55518506168723,0.0823964643458795,-0.010068032061838,0.943157207531613,-0.430814807843426,0.847323216415198,0.0581748096528785
5.55851950650217,0.0822565561063757,-0.00962596879733628,0.943831602483466,-0.432707376901001,0.846882811724403,0.0595633434202029
5.56185395131711,0.0821036983640381,-0.00918826716801747,0.944499703246521,-0.434619577356855,0.846483160583256,0.0609614207534253
5.56518839613204,0.0819379087730309,-0.00875503102899408,0.945161465633749,-0.436550686348459,0.846124527203817,0.0623686635454813
5.56852284094698,0.081759209363223,-0.00832636212585546,0.945816846159825,-0.438499975177337,0.845807160740342,0.0637846899480937
5.57185728576192,0.0815676265246297,-0.00790236007085858,0.946465802039402,-0.440466709592187,0.845531295174834,0.0652091144966807
5.57519173057686,0.0813631909901909,-0.00748312231996882,0.947108291185397,-0.44245015007396,0.84529714920844,0.066641548236983
5.5785261753918,0.0811459378168982,-0.00706874415075964,0.947744272207277,-0.444449552122784,0.845104926158734,0.0680815988533586
5.58186062020674,0.0809159063652787,-0.00665931864117661,0.948373704409365,-0.446464166546602,0.844954813862939,0.0695288707987004
5.58519506502167,0.0806731402772475,-0.00625493664917201,0.948996547789168,-0.44849323975142,0.84484698458713,0.070982965425927
5.58852950983661,0.0804176874523416,-0.00585568679321572,0.949612763035723,-0.450536014033048,0.844781594941452,0.0724434811209986
5.59186395465155,0.0801496000223448,-0.0054616554336873,0.950222311527978,-0.452591727870206,0.8447587858014,0.0739100134374105
5.59519839946649,0.0798689343243193,-0.0050729266551558,0.950825155333209,-0.454659616218881,0.844778682235195,0.0753821552321064
5.59853284428143,0.0795757508720557,-0.00468958224954979,0.951421257205468,-0.456738910807819,0.844841393437287,0.0768594968027711
5.60186728909637,0.0792701143259553,-0.00431170170022361,0.952010580584082,-0.458828840435034,0.844947012668017,0.0783416260264427
5.6052017339113,0.0789520934613611,-0.00393936216692327,0.952593089592199,-0.460928631265202,0.845095617199469,0.0798281284993949
5.60853617872624,0.0786217611353506,-0.00357263847165519,0.953168749035388,-0.463037507127836,0.845287268267535,0.0813185876782385
5.61187062354118,0.0782791942520091,-0.00321160308546273,0.953737524400287,-0.465154689816106,0.845522011030221,0.0828125850221806
5.61520506835612,0.0779244737261964,-0.00285632611611121,0.954299381853329,-0.467279399386201,0.845799874532216,0.084309700136399
5.61853951317106,0.0775576844458273,-0.00250687529668574,0.954854288239516,-0.469410854457087,0.846120871675733,0.0858095109164662
5.621873957986,0.0771789152326807,-0.00216331597510298,0.955402211081278,-0.47154827251058,0.846484999197653,0.0873115936937764
5.62520840280093,0.0767882588017594,-0.00182571110454053,0.955943118577396,-0.473690870191554,0.846892237652976,0.0888155233819095
5.62854284761587,0.0763858117192143,-0.00149412123478294,0.956476979602005,-0.475837863608233,0.847342551404596,0.0903208736238872
5.63187729243081,0.0759716743588559,-0.00116860450448774,0.957003763703678,-0.477988468632383,0.847835888619399,0.0918272169402552
5.63521173724575,0.0755459508572729,-0.000849216634371341,0.957523441104603,-0.480141901199324,0.848372181270712,0.0933341248779391
5.63854618206069,0.0751087490675756,-0.000536010921315578,0.958035982699834,-0.482297377607627,0.84895134514708,0.0948411681598138
5.64188062687563,0.0746601805117885,-0.000229038233395202,0.958541360056645,-0.484454114818371,0.849573279867392,0.0963479168349291
5.64521507169056,0.07420036033191,7.1652994174742e-05,0.959039545413981,-0.486611330753849,0.850237868902349,0.0978539404293345
5.6485495165055,0.0737294072396654,0.000366016762169987,0.959530511681997,-0.488768244595597,0.850944979602266,0.0993588080974379
5.65188396132044,0.0732474434649697,0.000654009509570774,0.960014232441708,-0.490924077081631,0.851694463231212,0.10086208877385
5.65521840613538,0.0727545947031305,0.000935590114855895,0.960490681944743,-0.493078050802763,0.852486155007466,0.102363351325642
5.65855285095032,0.0722509900608071,0.00121071989638138,0.960959835113201,-0.495229390497894,0.853319874150294,0.103862164704967
5.66188729576526,0.0717367620007549,0.00147936261184438,0.961421667539624,-0.497377323348145,0.854195423933015,0.105358098101978
5.66522174058019,0.0712120462853766,0.00174148445683471,0.961876155487081,-0.499521079269731,0.855112591742359,0.106850721097988
5.66855618539513,0.0706769819191062,0.00199705406247693,0.962323275889363,-0.501659891205435,0.856071149144081,0.108339603818802
5.67189063021007,0.0701317110896511,0.00224604249216554,0.9627630063513,-0.50379299541459,0.857070851954824,0.109824317088175
5.67522507502501,0.0695763791081154,0.00248842323739725,0.963195325149202,-0.505919631761437,0.858111440320194,0.111304432581321
5.67855951983995,0.0690111343480356,0.00272417221270278,0.963620211231413,-0.508039044001751,0.859192638799038,0.112779522978412
5.68189396465489,0.0684361281833491,0.00295326774968351,0.964037644218992,-0.510150480067615,0.860314156453875,0.114249162118023
5.68522840946982,0.0678515149253268,0.00317569059015622,0.964447604406526,-0.512253192350235,0.861475686947465,0.115712925150438
5.68856285428476,0.0672574517584936,0.00339142387841161,0.964850072763063,-0.514346437980683,0.862676908645486,0.117170388690771
5.6918972990997,0.066654098675569,0.00360045315259012,0.965245030933174,-0.516429479108444,0.863917484725255,0.118621130971837
5.69523174391464,0.0660416184114496,0.00380276633518183,0.965632461238153,-0.518501583177678,0.865197063290499,0.120064731996708
5.69856618872958,0.0654201763762667,0.00399835372265529,0.966012346677339,-0.520562023201061,0.866515277492084,0.1215007736909
5.70190063354451,0.0647899405875457,0.00418720797422127,0.966384670929574,-0.522610078031123,0.86787174565471,0.122928840054112
5.70523507835945,0.0641510816014949,0.00436932409973815,0.966749418354799,-0.524645032628957,0.869266071409484,0.124348517311489
5.70856952317439,0.0635037724434565,0.00454469944676473,0.967106573995776,-0.526666178330191,0.87069784383235,0.125759394064302
5.71190396798933,0.0628481885375452,0.00471333368676846,0.967456123579953,-0.528672813108137,0.872166637588309,0.127161061440027
5.71523841280427,0.062184507635507,0.00487522880049536,0.967798053521459,-0.530664241833992,0.873672013081392,0.128553113241736
5.71857285761921,0.0615129097448264,0.0050303890625099,0.968132350923234,-0.532639776533997,0.875213516610313,0.129935146096743
5.72190730243415,0.0608335770561145,0.00517882102491203,0.968459003579301,-0.534598736643459,0.876790680529764,0.131306759604457
5.72524174724908,0.0601466938698062,0.00532053350024021,0.968777999977166,-0.536540449257516,0.878403023417276,0.132667556483355
5.72857619206402,0.0594524465221979,0.00545553754356844,0.969089329300362,-0.538464249378574,0.880050050245591,0.134017142717055
5.73191063687896,0.0587510233108591,0.00558384643380601,0.969392981431118,-0.540369480160293,0.881731252560483,0.135355127699379
5.7352450816939,0.0580426144194441,0.00570547565420967,0.969688946953178,-0.542255493148042,0.883446108663963,0.136681124378396
5.73857952650884,0.0573274118419413,0.00582044287211651,0.969977217154737,-0.54412164851572,0.885194083802786,0.137994749399345
5.74191397132377,0.0566056093063863,0.00592876791790818,0.970257784031524,-0.545967315298861,0.886974630362209,0.139295623246401
5.74524841613871,0.0558774021980734,0.00603047276321593,0.970530640290013,-0.547791871623916,0.888787188064916,0.140583370383229
5.74858286095365,0.055142987482297,0.00612558149837661,0.970795779350767,-0.549594704933637,0.890631184175032,0.141857619392241
5.75191730576859,0.0544025636266549,0.00621412030915022,0.971053195351908,-0.551375212208472,0.89250603370716,0.143118003112533
5.75525175058353,0.0536563305229441,0.00629611745270982,0.971302883152726,-0.553132800183868,0.894411139640355,0.144364158776413
5.75858619539847,0.0529044894086851,0.00637160323291454,0.971544838337406,-0.554866885563438,0.896345893136954,0.145595728144491
5.7619206402134,0.0521472427883011,0.00644060997487753,0.971779057218887,-0.556576895227852,0.89830967376618,0.146812357639244
5.76525508502834,0.0513847943539927,0.00650317199883942,0.972005536842844,-0.55826226643943,0.90030184973244,0.148013698477035
5.76858952984328,0.0506173489063312,0.00655932559336039,0.972224274991793,-0.559922447042315,0.902321778108221,0.149199406798493
5.77192397465822,0.0498451122746118,0.00660910898784142,0.972435270189315,-0.561556895658164,0.904368805071503,0.150369143797232
5.77525841947316,0.0490682912369932,0.00665256232438821,0.972638521704398,-0.563165081877294,0.906442266147596,0.151522575846836
5.7785928642881,0.048287093440459,0.00668972762902967,0.972834029555903,-0.564746486445188,0.90854148645531,0.152659374626057
5.78192730910303,0.0475017273206335,0.00672064878230377,0.973021794517126,-0.5663006014443,0.910665780957357,0.153779217242183
5.78526175391797,0.0467124020214834,0.00674537148922378,0.973201818120491,-0.567826930471097,0.912814454714904,0.154881786352512
5.78859619873291,0.0459193273149399,0.00676394324863834,0.973374102662337,-0.569324988808256,0.914986803146164,0.155966770283885
5.79193064354785,0.0451227135204707,0.00677641332199827,0.973538651207815,-0.570794303591958,0.917182112288933,0.157033863150236
5.79526508836279,0.0443227714246395,0.00678283270154419,0.973695467595886,-0.572234413974225,0.919399659066975,0.158082764968087
5.79859953317773,0.0435197122006805,0.00678325407792851,0.973844556444421,-0.573644871280216,0.921638711560146,0.159113181769959
5.80193397799266,0.0427137473281227,0.00677773180728602,0.973985923155391,-0.57502523916045,0.923898529278159,0.160124825715642
5.8052684228076,0.0419050885124978,0.0067663218777671,0.974119573920153,-0.576375093737876,0.92617836343788,0.161117415201275
5.80860286762254,0.0410939476051595,0.00674908187554824,0.974245515724824,-0.577694023749756,0.928477457244054,0.162090674966188
5.81193731243748,0.0402805365232541,0.00672607095033395,0.974363756355737,-0.578981630684286,0.930795046173344,0.163044336197465
5.81527175725242,0.039465067169865,0.00669734978036575,0.97447430440498,-0.580237528911927,0.933130358261583,0.163978136632177
5.81860620206736,0.038647751354372,0.00666298053695199,0.974577169276015,-0.581461345811386,0.935482614394121,0.164891820657244
5.82194064688229,0.0378288007130494,0.00662302684853472,0.974672361189359,-0.582652721890201,0.937851028599162,0.165785139406878
5.82527509169723,0.0370084266299432,0.00657755376430821,0.974759891188349,-0.583811310899887,0.940234808343965,0.166657850857569
5.82860953651217,0.0361868401580495,0.0065266277174048,0.974839771144956,-0.584936779945612,0.94263315483381,0.167509719920568
5.83194398132711,0.0353642519408336,0.00647031648766355,0.974912013765669,-0.586028809590351,0.945045263313601,0.168340518531829
5.83527842614205,0.0345408721341158,0.00640868916399761,0.974976632597429,-0.587087093953485,0.947470323371995,0.169150025739366
5.83861287095699,0.0337169103283572,0.00634181610637575,0.975033642033616,-0.588111340803814,0.94990751924794,0.169938027787993
5.84194731577192,0.0328925754713758,0.00626976890743468,0.975083057320079,-0.589101271646954,0.952356030139495,0.170704318201401
5.84528176058686,0.0320680757915224,0.00619262035373747,0.975124894561207,-0.590056621807081,0.954815030514825,0.171448697861539
5.8486162054018,0.0312436187213497,0.00611044438669505,0.975159170726041,-0.590977140502997,0.957283690425235,0.172170975085265
5.85195065021674,0.0304194108217994,0.00602331606316646,0.975185903654405,-0.591862590918507,0.959761175820136,0.172870965698223
5.85528509503168,0.0295956577069428,0.00593131151575494,0.975205112063077,-0.592712750267058,0.96224664886381,0.17354849310593
5.85861953984662,0.0287725639693004,0.00583450791281578,0.975216815551965,-0.593527409850643,0.96473926825385,0.174203388362016
5.86195398466155,0.027950333105771,0.0057329834181928,0.97522103461031,-0.594306375112946,0.967238189541169,0.174835490233608
5.86528842947649,0.0271291674441991,0.00562681715070047,0.975217790622892,-0.595049465686709,0.969742565451421,0.175444645263816
5.86862287429143,0.02630926807061,0.00551608914336776,0.975207105876235,-0.595756515435308,0.97225154620774,0.176030707831288
5.87195731910637,0.0254908347571403,0.00540088030246135,0.975189003564824,-0.596427372488538,0.974764279854652,0.176593540206818
5.87529176392131,0.0246740658906892,0.00528127236630436,0.975163507797295,-0.597061899272585,0.977279912583048,0.177133012606969
5.87862620873625,0.0238591584023245,0.00515734786390834,0.975130643602629,-0.597659972534186,0.979797589056064,0.177649003244691
5.88196065355118,0.0230463076974638,0.0050291900734349,0.975090436936315,-0.598221483358982,0.982316452735779,0.178141398376906
5.88529509836612,0.022235707586861,0.00489688298050428,0.975042914686492,-0.598746337184048,0.984835646210574,0.178610092349039
5.88862954318106,0.0214275502184242,0.00476051123636802,0.974988104680054,-0.599234453804609,0.987354311523037,0.17905498763647
5.891963987996,0.0206220260098928,0.00462016011596303,0.974926035688727,-0.599685767374956,0.989871590498269,0.179475994882892
5.89529843281094,0.0198193235823952,0.00447591547586369,0.974856737435092,-0.600100226403547,0.992386625072497,0.179873032935542
5.89863287762588,0.0190196296949164,0.00432786371214965,0.974780240598563,-0.600477793742325,0.994898557621826,0.180246028877304
5.90196732244081,0.0182231291796994,0.00417609171820633,0.974696576821308,-0.600818446570246,0.997406531291028,0.180594918055655
5.90530176725575,0.0174300048786019,0.00402068684247508,0.974605778714103,-0.601122176371046,0.999909690322221,0.180919644108435
5.90863621207069,0.0166404375804391,0.00386173684617099,0.974507879862126,-0.601388988905251,1.00240718038333,0.181220158986436
5.91197065688563,0.0158546059593277,0.00369932986098428,0.974402914830663,-0.601618904176456,1.00489814889617,0.181496422972798
5.91530510170057,0.0150726865140609,0.00353355434678352,0.974290919170743,-0.60181195639189,1.00738174536407,0.18174840469918
5.91863954651551,0.0142948535085335,0.00336449904933724,0.974171929424678,-0.601968193917297,1.00985712169884,0.181976081158722
5.92197399133044,0.0135212789132407,0.00319225295807123,0.974045983131508,-0.602087679226148,1.01232343254703,0.182179437715767
5.92530843614538,0.0127521323478725,0.00301690526387858,0.973913118832348,-0.602170488843224,1.0147798356153,0.182358468112346
5.92864288096032,0.011987581025022,0.00283854531699913,0.973773376075625,-0.602216713282589,1.01722549199479,0.182513174471414
5.93197732577526,0.011227789695035,0.00265726258498641,0.973626795422198,-0.602226456979998,1.01965956648433,0.182643567296836
5.9353117705902,0.010472920592011,0.00247314661077704,0.973473418450355,-0.602199838219761,1.02208122791247,0.182749665470113
5.93864621540513,0.00972313338098702,0.00228628697088189,0.973313287760694,-0.602136989056113,1.02448964945805,0.182831496243845
5.94198066022007,0.0089785851063128,0.00209677323371338,0.973146446980851,-0.602038055229126,1.02688400896927,0.182889095231936
5.94531510503501,0.00823943014124279,0.00190469491806735,0.972972940770103,-0.601903196075196,1.02926348928118,0.182922506396536
5.94864954984995,0.00750582013876067,0.00171014145177541,0.972792814823808,-0.601732584432164,1.03162727853136,0.182931782031716
5.95198399466489,0.00677790398365378,0.00151320213054424,0.972606115877708,-0.601526406539106,1.03397457047371,0.182916982743886
5.95531843947983,0.00605582774585535,0.00131396607699859,0.972412891712051,-0.60128486193084,1.03630456479026,0.182878177428963
5.95865288429477,0.00533973463507018,0.0011125221999442,0.972213191155564,-0.601008163327219,1.03861646740083,0.182815443246272
5.9619873291097,0.00462976495669959,0.000908959153866382,0.972007064089235,-0.600696536517228,1.04090949077045,0.18272886558922
5.96532177392464,0.00392605606908322,0.000703365298681687,0.971794561449927,-0.60035022023798,1.04318285421435,0.182618538052718
5.96865621873958,0.00322874234206785,0.000495828659756754,0.971575735233795,-0.599969466048636,1.04543578420057,0.182484562397381
5.97199066355452,0.00253795511692316,0.000286436888212116,0.971350638499516,-0.599554538199323,1.0476675146498,0.182327048510511
5.97532510836946,0.00185382266761266,7.52772215251363e-05,0.971119325371312,-0.599105713495115,1.04987728723261,0.182146114363862
5.97865955318439,0.00117647016343673,-0.000137563555551262,0.97088185104177,-0.598623281155124,1.05206435166377,0.181941885968229
5.98199399799933,0.000506019633058098,-0.000351999149739269,0.970638271774449,-0.598107542666782,1.0542279659936,0.181714497324836
5.98532844281427,-0.00015741007007767,-0.000567943797640569,0.970388644906265,-0.597558811635375,1.05636739689627,0.181464090373577
5.98866288762921,-0.00081370330091531,-0.000785312303779648,0.970133028849649,-0.596977413628896,1.05848191995483,0.1811908149381
5.99199733244415,-0.00146274765454727,-0.00100402007827091,0.969871483094474,-0.59636368601829,1.06057081994301,0.180894828667759
5.99533177725909,-0.00210443399654231,-0.00122398317409437,0.969604068209745,-0.595717977813165,1.06263339110357,0.180576296976466
5.99866622207403,-0.00273865649184,-0.00144511832396623,0.96933084584504,-0.595040649493037,1.06466893742305,0.180235392978441
6.00200066688896,-0.0033653126321991,-0.00166734297678902,0.969051878731706,-0.594332072834202,1.06667677290299,0.179872297420907
6.0053351117039,-0.0039843032621928,-0.00189057533366745,0.96876723068379,-0.59359263073229,1.06865622182729,0.179487198613728
6.00866955651884,-0.00459553260374439,-0.00211473438347622,0.968476966598715,-0.592822717020596,1.0706066190258,0.179080292356036
6.01200400133378,-0.00519890827919281,-0.00233973993796465,0.968181152457683,-0.592022736284273,1.07252731013388,0.178651781859861
6.01533844614872,-0.0057943413328866,-0.00256551266638626,0.967879855325802,-0.591193103670451,1.07441765184794,0.178201877670795
6.01867289096365,-0.00638174625129682,-0.00279197412963836,0.967573143351939,-0.590334244694393,1.07627701217677,0.177730797585714
6.02200733577859,-0.00696104098164603,-0.00301904681389944,0.96726108576828,-0.589446595041749,1.07810477068866,0.177238766567598
6.02534178059353,-0.00753214694904672,-0.00324665416375016,0.966943752889602,-0.588530600367016,1.0799003187541,0.176726016657462
6.02867622540847,-0.00809498907214794,-0.00347472061476647,0.966621216112249,-0.587586716088284,1.08166305978403,0.176192786883455
6.03201067022341,-0.00864949577728518,-0.00370317162557123,0.966293547912803,-0.586615407178356,1.08339240946357,0.175639323167131
6.03534511503835,-0.00919559901113139,-0.00393193370933259,0.96596082184645,-0.585617147952342,1.08508779598102,0.175065878226952
6.03867955985328,-0.00973323425184748,-0.00416093446469676,0.965623112545033,-0.584592421851823,1.08674866025222,0.174472711479042
6.04201400466822,-0.0102623405187303,-0.00439010260614303,0.965280495714785,-0.583541721225663,1.08837445613999,0.173860088935239
6.04534844948316,-0.0107828603803588,-0.00461936799375042,0.964933048133742,-0.582465547107589,1.08996465066868,0.173228283098474
6.0486828942981,-0.0112947399612363,-0.00484866166236284,0.964580847648832,-0.581364408990618,1.09151872423373,0.172577572855525
6.05201733911304,-0.0117979289469314,-0.0050779158501439,0.964223973172622,-0.580238824598442,1.09303617080615,0.171908243367177
6.05535178392798,-0.0122923805877178,-0.00530706402650804,0.963862504679737,-0.579089319653861,1.09451649813174,0.171220585955838
6.05868622874291,-0.012778051700714,-0.00553604091941964,0.96349652320294,-0.57791642764438,1.09595922792521,0.170514897990645
6.06202067355785,-0.0132549026705285,-0.00576478254204818,0.963126110828853,-0.576720689585049,1.0973638960588,0.169791482770117
6.06535511837279,-0.0137228974484086,-0.00599322621877013,0.962751350693349,-0.57550265377868,1.09873005274564,0.169050649402374
6.06868956318773,-0.0141820035499019,-0.00622131061050761,0.962372326976572,-0.574262875573515,1.10005726271756,0.168292712683001
6.07202400800267,-0.0146321920510299,-0.00644897573939425,0.961989124897611,-0.573001917118475,1.10134510539733,0.167517992970575
6.07535845281761,-0.0150734375829834,-0.00667616301275934,0.961601830708808,-0.571720347116079,1.10259317506535,0.166726816059919
6.07869289763254,-0.0155057183253397,-0.00690281524642057,0.961210531689702,-0.570418740573152,1.1038010810206,0.165919513053122
6.08202734244748,-0.0159290159978138,-0.00712887668727758,0.96081531614061,-0.569097678549421,1.10496844773584,0.165096420228385
6.08536178726242,-0.0163433158505454,-0.00735429303519746,0.960416273375827,-0.567757747904119,1.10609491500703,0.164257878906733
6.08869623207736,-0.0167486066529322,-0.00757901146418449,0.960013493716462,-0.56639954104069,1.10718013809682,0.163404235316648
6.0920306768923,-0.0171448806810148,-0.00780298064282546,0.959607068482887,-0.565023655649723,1.10822378787219,0.162535840456681
6.09536512170724,-0.0175321337034247,-0.00802615075400433,0.959197089986815,-0.563630694450217,1.10922555093602,0.161653049956088
6.09869956652217,-0.0179103649659024,-0.00824847351387833,0.958783651522984,-0.562221264929283,1.11018512975263,0.160756223933543
6.10203401133711,-0.0182795771743956,-0.00846990219010851,0.958366847360469,-0.56079597908041,1.1111022427673,0.159845726854001
6.10536845615205,-0.018639776476749,-0.00869039161933898,0.957946772733596,-0.559355453140394,1.11197662451956,0.158921927383737
6.10870290096699,-0.0189909724429941,-0.00890989822391728,0.957523523832468,-0.557900307325046,1.11280802575031,0.157985198243641
6.11203734578193,-0.0193331780442541,-0.00912838002785145,0.957097197793102,-0.556431165563804,1.11359621350278,0.157035916060825
6.11537179059687,-0.0196664096302717,-0.00934579667199707,0.95666789268717,-0.554948655233338,1.11434097121711,0.156074461218584
6.1187062354118,-0.0199906869055765,-0.00956210942846944,0.956235707511347,-0.55345340689029,1.11504209881867,0.155101217704781
6.12204068022674,-0.0203060329043011,-0.00977728121427592,0.955800742176259,-0.551946054003245,1.11569941280009,0.154116572958723
6.12537512504168,-0.0206124739636627,-0.00999127660416336,0.955363097495034,-0.550427232684054,1.11631274629676,0.153120917716575
6.12870956985662,-0.0209100396961234,-0.0102040618426773,0.954922875171458,-0.548897581418616,1.11688194915606,0.15211464585537
6.13204401467156,-0.0211987629602421,-0.010415604855427,0.954480177787722,-0.547357740797253,1.1174068880001,0.151098154235698
6.1353784594865,-0.0214786798302369,-0.0106258752595556,0.954035108791776,-0.545808353244767,1.11788744628191,0.150071842543113
6.13871290430143,-0.02174982956427,-0.0108348443734082,0.953587772484283,-0.544250062750313,1.1183235243353,0.149036113128335
6.14204734911637,-0.022012254571474,-0.0110424852253986,0.953138274005161,-0.542683514597199,1.11871503941803,0.1479913708463
6.14538179393131,-0.0222660003777352,-0.0112487725620694,0.952686719319735,-0.541109355092717,1.11906192574858,0.146938022894136
6.14871623874625,-0.0225111155902509,-0.0114536828553444,0.952233215204477,-0.539528231298131,1.11936413453628,0.14587647864811
6.15205068356119,-0.0227476518608798,-0.0116571943089702,0.951777869232356,-0.537940790758937,1.11962163400497,0.144807149499632
6.15538512837613,-0.0229756638483023,-0.0118592868641465,0.951320789757774,-0.536347681235497,1.11983440940995,0.143730448690365
6.15871957319106,-0.0231952091790097,-0.0120599422043427,0.950862085901112,-0.53474955043418,1.12000246304852,0.142646791146516
6.162054018006,-0.0234063484071423,-0.012259143759301,0.950401867532868,-0.533147045739094,1.12012581426375,0.141556593312363
6.16538846282094,-0.0236091449731952,-0.0124568767082223,0.949940245257408,-0.531540813944562,1.12020449944182,0.14046027298311
6.16872290763588,-0.0238036651616117,-0.0126531279821394,0.949477330396299,-0.529931500988414,1.12023857200264,0.139358249137099
6.17205735245082,-0.023989978057286,-0.0128478862654722,0.949013234971273,-0.528319751686235,1.12022810238398,0.138250941767482
6.17539179726576,-0.0241681555009941,-0.0130411419967691,0.948548071686774,-0.526706209466674,1.12017317801891,0.137138771713398
6.17872624208069,-0.0243382720437767,-0.0132328873686332,0.948081953912121,-0.525091516107914,1.12007390330678,0.136022160490733
6.18206068689563,-0.0245004049002934,-0.0134231163268343,0.947614995663284,-0.523476311475427,1.11993039957752,0.134901530122527
6.18539513171057,-0.0246546339011727,-0.0136118245686092,0.947147311584261,-0.521861233261119,1.11974280504946,0.133777302969097
6.18872957652551,-0.0248010414443776,-0.0137990095401503,0.946679016928086,-0.520246916723975,1.11951127478057,0.132649901557953
6.19206402134045,-0.0249397124456128,-0.0139846704332856,0.94621022753743,-0.518633994432301,1.11923598061318,0.131519748413551
6.19539846615539,-0.0250707342877941,-0.0141688081813517,0.945741059824844,-0.517023096007695,1.1189171111122,0.130387265886988
6.19873291097032,-0.025194196769605,-0.0143514254542625,0.945271630752612,-0.515414847870834,1.11855487149687,0.129252875985678
6.20206735578526,-0.0253101920531644,-0.0145325266527765,0.944802057812231,-0.513809872989174,1.11814948356603,0.128117000203085
6.2054018006002,-0.0254188146108294,-0.0147121179019664,0.944332459003525,-0.512208790626708,1.11770118561695,0.126980059348601
6.20873624541514,-0.0255201611711577,-0.0148902070438933,0.943862952813381,-0.510612216095829,1.11721023235782,0.125842473377602
6.21207069023008,-0.0256143306640552,-0.0150668036294907,0.943393658194135,-0.509020760511462,1.11667689481382,0.124704661221791
6.21540513504501,-0.0257014241651333,-0.0152419189096618,0.94292469454159,-0.507435030547507,1.11610146022687,0.123567040619866
6.21873957985995,-0.0257815448393017,-0.0154155658255942,0.942456181672679,-0.505855628195743,1.11548423194908,0.122430027948597
6.22207402467489,-0.0258547978836232,-0.0155877589982982,0.941988239802779,-0.504283150527257,1.11482552932999,0.12129403805438
6.22540846948983,-0.0259212904694553,-0.0157585147173718,0.941520989522678,-0.502718189456524,1.11412568759752,0.120159484085332
6.22874291430477,-0.0259811316839061,-0.0159278509289996,0.941054551775201,-0.501161331508212,1.11338505773284,0.119026777323997
6.23207735911971,-0.0260344324706304,-0.0160957872231905,0.940589047831497,-0.499613157586817,1.11260400633908,0.117896327020738
6.23541180393465,-0.0260813055699935,-0.0162623448202603,0.940124599266998,-0.498074242749235,1.11178291550395,0.116768540227871
6.23874624874958,-0.026121865458629,-0.0164275465565653,0.93966132793705,-0.496545155980331,1.1109221826564,0.115643821634618
6.24208069356452,-0.0261562282884181,-0.0165914168694945,0.939199355952223,-0.495026459971639,1.11002222041726,0.114522573402949
6.24541513837946,-0.0261845118249188,-0.016753981781726,0.938738805653306,-0.493518710903244,1.10908345644404,0.113405195004368
6.2487495831944,-0.026206835385271,-0.0169152688847557,0.938279799585999,-0.492022458228964,1.10810633326981,0.112292083057727
6.25208402800934,-0.0262233197756068,-0.0170753073217061,0.937822460475291,-0.490538244464899,1.10709130813639,0.111183631168118
6.25541847282427,-0.0262340872279931,-0.0172341277694214,0.937366911199551,-0.489066604981446,1.10603885282172,0.110080229766922
6.25875291763921,-0.0262392613369355,-0.0173917624198592,0.936913274764328,-0.487608067798856,1.10494945346166,0.108982265953072
6.26208736245415,-0.0262389669954705,-0.0175482449607854,0.936461674275863,-0.486163153386417,1.10382361036618,0.107890123335607
6.26542180726909,-0.0262333303308762,-0.017703610555782,0.93601223291433,-0.484732374465351,1.10266183783,0.106804181877571
6.26875625208403,-0.0262224786400285,-0.0178578958235761,0.935565073906802,-0.483316235815487,1.10146466393784,0.105724817741321
6.27209069689897,-0.0262065403244318,-0.0180111388166992,0.935120320499962,-0.481915234085811,1.1002326303643,0.10465240313532
6.2754251417139,-0.0261856448249541,-0.0181633789994878,0.934678095932552,-0.480529857608942,1.09896629216843,0.103587306162469
6.27875958652884,-0.0261599225562934,-0.0183146572254319,0.93423852340758,-0.479160586219636,1.09766621758307,0.102529890670043
6.28209403134378,-0.0261295048412061,-0.0184650157138853,0.933801726064284,-0.477807891077363,1.09633298779915,0.101480516101295
6.28542847615872,-0.0260945238445252,-0.0186144980261442,0.933367826949868,-0.476472234493044,1.09496719674484,0.100439537348784
6.28876292097366,-0.0260551125069973,-0.0187631490409076,0.932936948991009,-0.475154069760017,1.0935694508598,0.0994073046095016
6.2920973657886,-0.0260114044789688,-0.018911014929128,0.932509214965153,-0.473853840989282,1.09214036886458,0.0983841632418412
6.29543181060353,-0.0259635340539481,-0.0190581431282648,0.932084747471603,-0.47257198294911,1.09068058152515,0.0973704536244804
6.29876625541847,-0.0259116361020751,-0.0192045823159509,0.93166366890241,-0.471308920909069,1.08919073141285,0.0963665110172336
6.30210070023341,-0.0258558460035253,-0.0193503823830845,0.931246101413064,-0.470065070488514,1.08767147265964,0.0953726654239307
6.30543514504835,-0.0257962995818783,-0.0194955944063566,0.930832166893021,-0.468840837509632,1.08612347070892,0.0943892414573808
6.30876958986329,-0.0257331330374804,-0.0196402706202279,0.930421986936042,-0.467636617855067,1.08454740206191,0.0934165582064809
6.31210403467823,-0.0256664828808285,-0.0197844643883654,0.930015682810378,-0.466452797330193,1.0829439540197,0.0924549291055183
6.31543847949316,-0.0255964858660055,-0.0199282301745523,0.929613375428798,-0.46528975153009,1.08131382442116,0.0915046618057296
6.3187729243081,-0.0255232789241961,-0.0200716235130831,0.929215185318469,-0.464147845711263,1.07965772137666,0.0905660580491654
6.32210736912304,-0.0254469990973109,-0.0202147009786566,0.92882123259071,-0.463027434668167,1.07797636299783,0.089639413544916
6.32544181393798,-0.0253677834717481,-0.0203575201557804,0.928431636910608,-0.461928862614567,1.07627047712345,0.0887250178477508
6.32877625875292,-0.0252857691123214,-0.0205001396076993,0.92804651746653,-0.460852463069785,1.07454080104145,0.0878231542392214
6.33211070356786,-0.0252010929963815,-0.0206426188448605,0.927665992939524,-0.459798558749887,1.07278808120733,0.0869340996112824
6.33544514838279,-0.0251138919481617,-0.0207850182929311,0.927290181472616,-0.458767461463821,1.07101307295894,0.0860581243524731
6.33877959319773,-0.0250243025733732,-0.0209273992603791,0.926919200640037,-0.457759472014576,1.06921654022781,0.0851954922367173
6.34211403801267,-0.0249324611940802,-0.021069823905633,0.926553167416364,-0.456774880105371,1.06739925524716,0.0843464603147805
6.34544848282761,-0.0248385037838808,-0.0212123552038345,0.926192198145592,-0.45581396425092,1.06556199825659,0.0835112788084367
6.34878292764255,-0.024742565903424,-0.0213550569131971,0.925836408510161,-0.454876991693806,1.06370555720372,0.0826901910073872
6.35211737245749,-0.024644782636287,-0.021497993540986,0.925485913499932,-0.453964218325978,1.06183072744279,0.0818834331689776
6.35545181727242,-0.0245452885252431,-0.0216412303091332,0.925140827381127,-0.453075888615413,1.05993831143038,0.081091234420755
6.35878626208736,-0.0244442175089455,-0.0217848331195029,0.924801263665254,-0.452212235537956,1.05802911841832,0.0803138166659087
6.3621207069023,-0.0243417028590543,-0.0219288685188215,0.924467335078005,-0.451373480514369,1.05610396414397,0.0795513944916328
6.36545515171724,-0.0242378771178341,-0.0220734036632868,0.92413915352817,-0.450559833352595,1.05416367051802,0.0788041750804563
6.36878959653218,-0.0241328720362472,-0.0222185062828728,0.923816830076542,-0.449771492195267,1.05220906530972,0.0780723581245722
6.37212404134712,-0.02402681851257,-0.0223642446453435,0.923500474904854,-0.449008643472469,1.05024098183001,0.0773561357432072
6.37545848616205,-0.0239198465315578,-0.0225106875199917,0.923190197284744,-0.448271461859765,1.04826025861235,0.0766556924030696
6.37879293097699,-0.0238120851041831,-0.0226579041411184,0.922886105546756,-0.447560110241502,1.04626773909153,0.0759712048419065
6.38212737579193,-0.0237036622079744,-0.0228059641712681,0.922588307049403,-0.446874739679402,1.04426427128061,0.0753028419952065
6.38546182060687,-0.0235947047279782,-0.0229549376642348,0.922296908148287,-0.446215489386436,1.04225070744601,0.0746507649260809
6.38879626542181,-0.0234853383983717,-0.0231048950278555,0.922012014165298,-0.445582486705996,1.04022790378094,0.0740151267583536
6.39213071023675,-0.0233756877447479,-0.0232559069866061,0.921733729357897,-0.444975847096364,1.03819672007734,0.0733960726128886
6.39546515505168,-0.0232658760270991,-0.0234080445440158,0.921462156888504,-0.444395674120462,1.03615801939631,0.0727937395471884
6.39879959986662,-0.0231560251835221,-0.0235613789449152,0.921197398793982,-0.443842059440899,1.03411266773736,0.0722082564982849
6.40213404468156,-0.023046255774668,-0.0237159816375355,0.920939555955255,-0.4433150828203,1.03206153370645,0.071639744228952
6.4054684894965,-0.0229366869289605,-0.0238719242354731,0.920688728067049,-0.442814812126897,1.03000548818296,0.0710883152772657
6.40880293431144,-0.0228274362886044,-0.0240292784795366,0.920445013607783,-0.442341303345404,1.02794540398585,0.0705540739095321
6.41213737912638,-0.0227186199564079,-0.0241881161994921,0.920208509809607,-0.441894600593112,1.02588215553901,0.0700371160766074
6.41547182394131,-0.0226103524434398,-0.0243485092757227,0.919979312628616,-0.441474736141251,1.02381661853593,0.0695375293736305
6.41880626875625,-0.0225027466175429,-0.0245105296008181,0.919757516715232,-0.441081730441542,1.02174966960392,0.0690553930031874
6.42214071357119,-0.0223959136527261,-0.0246742490411117,0.91954321538478,-0.44071559215796,1.01968218596793,0.068590777741923
6.42547515838613,-0.0222899629794545,-0.0248397393981794,0.919336500588264,-0.440376318203665,1.01761504511412,0.068143745910622
6.42880960320107,-0.0221850022358588,-0.025007072370318,0.919137462883356,-0.440063893783091,1.01554912445332,0.0677143513477687
6.43214404801601,-0.0220811372198833,-0.0251763195140189,0.918946191405604,-0.439778292439148,1.01348530098448,0.0673026393866019
6.43547849283094,-0.0219784718423931,-0.0253475522054527,0.918762773839878,-0.439519476105528,1.01142445095829,0.066908646835678
6.43881293764588,-0.0218771080812575,-0.0255208416019812,0.91858729639206,-0.439287395164071,1.00936744954108,0.0665324019629509
6.44214738246082,-0.0217771459364308,-0.0256962586037139,0.918419843760994,-0.439081988507161,1.00731517047907,0.0661739244833803
6.44548182727576,-0.0216786833860469,-0.0258738738151234,0.918260499110701,-0.438903183605118,1.00526848576324,0.0658332255500746
6.4488162720907,-0.0215818163435454,-0.0260537575067377,0.918109344042875,-0.438750896578551,1.0032282652948,0.0655103077489769
6.45215071690563,-0.0214866386158476,-0.0262359795769237,0.917966458569671,-0.438625032275623,1.00119537655149,0.065205165097097
6.45548516172057,-0.0213932418625984,-0.0264206095137794,0.917831921086791,-0.438525484354199,0.999170684254749,0.0649177830442955
6.45881960653551,-0.0213017155564903,-0.02660771635715,0.917705808346889,-0.438452135368816,0.997155050038042,0.0646481384786201
6.46215405135045,-0.0212121469446851,-0.0267973686607844,0.917588195433292,-0.43840485686246,0.995149332116258,0.0643961997351959
6.46548849616539,-0.0211246210113499,-0.0269896344546472,0.917479155734065,-0.438383509463056,0.993154384956491,0.0641619266086694
6.46882294098033,-0.0210392204413202,-0.0271845812074029,0.917378760916414,-0.438387942984663,0.991171058950227,0.0639452703692031
6.47215738579527,-0.0209560255849065,-0.0273822757890874,0.917287080901451,-0.438417996533305,0.989200200087112,0.0637461737820177
6.4754918306102,-0.0208751144238563,-0.0275827844339839,0.917204183839318,-0.438473498617378,0.987242649630401,0.063564571130477
6.47882627542514,-0.0207965625384861,-0.0277861727037152,0.917130136084701,-0.438554267262586,0.985299243794231,0.0634003882427083
6.48216072024008,-0.0207204430759959,-0.0279925054505736,0.917065002172722,-0.43866011013135,0.983370813422835,0.0632535425217517
6.48549516505502,-0.0206468267199775,-0.0282018467810978,0.917008844795234,-0.438790824646618,0.981458183671823,0.0631239429792266
6.48882960986996,-0.0205757816611293,-0.0284142600199173,0.916961724777522,-0.43894619812003,0.979562173691655,0.0630114902725076
6.49216405468489,-0.0205073735691894,-0.0286298076738752,0.916923701055432,-0.439126007884362,0.977683596313422,0.0629160767453947
6.49549849949983,-0.0204416655660949,-0.028848551396448,0.916894830652913,-0.439330021430191,0.975823257737069,0.0628375864722657
6.49883294431477,-0.0203787182003812,-0.029070551952475,0.916875168660017,-0.439557996546705,0.97398195722217,0.0627758953056953
6.50216738912971,-0.0203185894228275,-0.029295869183213,0.916864768211335,-0.439809681466608,0.972160486781374,0.0627308709275243
6.50550183394465,-0.0202613345633593,-0.0295245619717325,0.916863680464892,-0.440084815015022,0.970359630876653,0.0627023729033597
6.50883627875959,-0.0202070063092168,-0.029756688208666,0.916871954581524,-0.440383126762339,0.968580166118454,0.0626902527404891
6.51217072357452,-0.0201556546843951,-0.0299923047583279,0.916889637704714,-0.440704337180932,0.966822860967882,0.0626943539491851
6.51550516838946,-0.0201073270303648,-0.0302314674252164,0.916916774940932,-0.44104815780566,0.965088475442025,0.0627145121073802
6.5188396132044,-0.0200620679880808,-0.0304742309209135,0.916953409340456,-0.441414291398083,0.963377760822533,0.0627505549286866
6.52217405801934,-0.0200199194812826,-0.0307206488313964,0.916999581878713,-0.441802432114313,0.96169145936757,0.0628023023337372
6.52550850283428,-0.0199809207010949,-0.0309707735847746,0.917055331438126,-0.442212265676416,0.960030304027242,0.0628695665248208
6.52884294764922,-0.019945108091931,-0.0312246564194654,0.917120694790486,-0.442643469547285,0.958395018162622,0.0629521520637831
6.53217739246415,-0.0199125153387061,-0.0314823473528235,0.917195706579852,-0.443095713108908,0.95678631526846,0.0630498559531658
6.53551183727909,-0.0198831733553611,-0.031743895150234,0.917280399306001,-0.44356865784393,0.955204898699713,0.0631624677205518
6.53884628209403,-0.0198571102747038,-0.0320093472946871,0.917374803308412,-0.44406195752044,0.953651461401978,0.0632897695060851
6.54218072690897,-0.0198343514395674,-0.0322787499568428,0.917478946750823,-0.444575258379889,0.952126685645941,0.0634315361531331
6.54551517172391,-0.0198149193952909,-0.0325521479656015,0.917592855606335,-0.445108199328044,0.950631242765939,0.0635875353020554
6.54884961653885,-0.0197988338835207,-0.0328295847791909,0.917716553643101,-0.445660412128897,0.949165792902753,0.0637575274870442
6.55218406135378,-0.0197861118373367,-0.0331111024567832,0.91785006241059,-0.446231521601437,0.947730984750695,0.0639412662359987
6.55551850616872,-0.0197767673777015,-0.0333967416306537,0.917993401226432,-0.446821145819186,0.946327455309131,0.0641384981733957
6.55885295098366,-0.0197708118112347,-0.0336865414788931,0.918146587163871,-0.447428896312415,0.944955829638499,0.0643489631261162
6.5621873957986,-0.0197682536293087,-0.0339805396986852,0.918309635039802,-0.448054378272937,0.943616720620939,0.064572394232188
6.56552184061354,-0.0197690985084687,-0.0342787724801609,0.918482557403427,-0.448697190761386,0.942310728725607,0.0648085180524
6.56885628542848,-0.0197733493121713,-0.0345812744808409,0.918665364525523,-0.449356926916882,0.941038441778784,0.0650570546847484
6.57219073024341,-0.0197810060938418,-0.0348880788006775,0.918858064388325,-0.450033174168992,0.939800434738854,0.0653177178816675
6.57552517505835,-0.0197920661012466,-0.0351992169577053,0.919060662676044,-0.450725514451882,0.938597269476242,0.0655902151699996
6.57885961987329,-0.0198065237821772,-0.0355147188643134,0.91927316276601,-0.451433524420553,0.937429494558392,0.065874247973659
6.58219406468823,-0.0198243707914411,-0.0358346128041479,0.919495565720458,-0.452156775669087,0.936297645039874,0.06616951173894
6.58552850950317,-0.0198455959991568,-0.0361589254096546,0.919727870278953,-0.452894834950766,0.935202242257699,0.0664756960624215
6.58886295431811,-0.0198701855003458,-0.036487681640273,0.91997007285147,-0.453647264399997,0.934143793631911,0.0667924848214165
6.59219739913304,-0.0198981226258169,-0.0368209047612904,0.920222167512121,-0.454413621755914,0.933122792471545,0.0671195563069165
6.59553184394798,-0.0199293879543365,-0.0371586163233642,0.920484145993544,-0.455193460587572,0.932139717786017,0.0674565833589774
6.59886628876292,-0.019963959326078,-0.0375008361427241,0.92075599768196,-0.455986330520614,0.931195034102023,0.0678032335044936
6.60220073357786,-0.0200018118573428,-0.0378475822820604,0.921037709612884,-0.456791777465322,0.930289191286002,0.0681591690973077
6.6055351783928,-0.0200429179565453,-0.0381988710321085,0.921329266467523,-0.457609343845939,0.92942262437226,0.0685240474605968
6.60886962320774,-0.0200872473414534,-0.0385547168939366,0.921630650569839,-0.458438568831152,0.928595753396786,0.0688975210314824
6.61220406802267,-0.0201347670576748,-0.0389151325619463,0.921941841884295,-0.459278988565646,0.927808983236847,0.0692792375078051
6.61553851283761,-0.0201854414983819,-0.0392801289075912,0.922262818014284,-0.4601301364026,0.927062703456413,0.0696688399970052
6.61887295765255,-0.0202392324252616,-0.0396497149638231,0.922593554201241,-0.460991543137047,0.926357288157473,0.0700659671670509
6.62220740246749,-0.0202960989906835,-0.0400238979102726,0.922934023324444,-0.461862737239964,0.925693095837292,0.0704702533993545
6.62554184728243,-0.0203559977610726,-0.0404026830591692,0.923284195901508,-0.462743245093006,0.925070469251675,0.0708813289436136
6.62887629209737,-0.0204188827414756,-0.0407860738420096,0.92364404008957,-0.463632591223758,0.92448973528428,0.0712988200745176
6.6322107369123,-0.0204847054013104,-0.0411740717969789,0.924013521687173,-0.464530298541421,0.923951204822026,0.0717223492502557
6.63554518172724,-0.0205534147012832,-0.0415666765571316,0.924392604136838,-0.465435888572804,0.923455172636651,0.072151535272764
6.63887962654218,-0.0206249571214634,-0.0419638858393377,0.924781248528349,-0.46634888169852,0.923001917272466,0.0725859934496457
6.64221407135712,-0.0206992766905007,-0.0423656954339982,0.925179413602728,-0.467268797389293,0.922591700940331,0.0730253357577015
6.64554851617206,-0.0207763150159706,-0.0427720991955377,0.925587055756912,-0.468195154442242,0.92222476941791,0.0734691710080037
6.648882960987,-0.020856011315835,-0.043183089033675,0.926004129049138,-0.469127471217065,0.921901351956233,0.0739171050124467
6.65221740580193,-0.0209383024510013,-0.0435986549054803,0.926430585205023,-0.470065265871985,0.921621661192597,0.0743687407517099
6.65555185061687,-0.0210231229589668,-0.0440187848082199,0.926866373624357,-0.471008056599384,0.92138589306985,0.0748236785445611
6.65888629543181,-0.0211104050885294,-0.0444434647729936,0.927311441388586,-0.471955361860989,0.921194226762065,0.0752815162184357
6.66222074024675,-0.0212000788355521,-0.0448726788591683,0.92776573326901,-0.472906700622517,0.921046824606661,0.0757418492812224
6.66555518506169,-0.0212920719797613,-0.0453064091496109,0.928229191735678,-0.473861592587686,0.920943832042963,0.0762042710941836
6.66888962987663,-0.0213863101225634,-0.045744635746723,0.928701756966983,-0.474819558431451,0.920885377557252,0.0766683730459441
6.67222407469156,-0.0214827167258622,-0.0461873367692803,0.929183366859958,-0.475780120032399,0.9208715726343,0.0771337447274746
6.6755585195065,-0.0215812131518584,-0.0466344883500797,0.929673957041281,-0.476742800704177,0.920902511715423,0.0775999741080023
6.67889296432144,-0.0216817187038126,-0.0470860646343939,0.930173460878958,-0.477707125425845,0.920978272163061,0.0780666477117735
6.68222740913638,-0.0217841506677546,-0.0475420377792376,0.930681809494722,-0.478672621071065,0.921098914231892,0.0785333507956004
6.68556185395132,-0.0218884243551176,-0.0480023779534457,0.931198931777115,-0.479638816636022,0.921264481046494,0.0789996675271183
6.68889629876626,-0.0219944531462797,-0.0484670533385635,0.931724754395263,-0.480605243465952,0.921474998585563,0.0794651811636793
6.69223074358119,-0.0221021485349915,-0.0489360301305511,0.932259201813341,-0.481571435480208,0.921730475672686,0.0799294742318136
6.69556518839613,-0.0222114201736694,-0.0494092725423015,0.932802196305724,-0.48253692939574,0.92203090397367,0.0803921287071805
6.69889963321107,-0.0223221759195358,-0.0498867428069725,0.933353657972822,-0.483501264948899,0.922376258000431,0.0808527261949409
6.70223407802601,-0.0224343218815824,-0.050368401182133,0.933913504757589,-0.484463985115457,0.922766495121437,0.0813108481104733
6.70556852284095,-0.0225477624683373,-0.0508542059547224,0.934481652462717,-0.485424636328762,0.923201555578698,0.0817660758603637
6.70890296765589,-0.0226624004364139,-0.0513441134468208,0.93505801476849,-0.486382768695906,0.923681362511282,0.0822179910235914
6.71223741247082,-0.0227781369398187,-0.0518380780222322,0.935642503251322,-0.487337936211833,0.924205821985378,0.0826661755328397
6.71557185728576,-0.0228948715799966,-0.0523360520938765,0.936235027402936,-0.488289696971275,0.924774823030857,0.0831102118558568
6.7189063021007,-0.0230125024565912,-0.0528379861319891,0.936835494650226,-0.489237613378428,0.925388237684327,0.0835496831767914
6.72224074691564,-0.0231309262188962,-0.0533438286731262,0.937443810375751,-0.490181252354281,0.926045921038672,0.0839841735774303
6.72557519173058,-0.0232500381179761,-0.0538535263299734,0.938059877938893,-0.491120185541487,0.926747711299041,0.0844132682182626
6.72890963654551,-0.0233697320594313,-0.0543670238019546,0.938683598697647,-0.492053989506708,0.927493429845271,0.0848365535192972
6.73224408136045,-0.0234899006567852,-0.0548842638866383,0.939314872031057,-0.492982245940329,0.92828288130071,0.0852536173405582
6.73557852617539,-0.0236104352854691,-0.0554051874919377,0.939953595362275,-0.493904541853451,0.929115853607414,0.085664049162185
6.73891297099033,-0.0237312261373797,-0.0559297336491006,0.940599664182247,-0.494820469772092,0.92999211810769,0.086067440264063
6.74224741580527,-0.0238521622759861,-0.0564578395264869,0.941252972074024,-0.495729627928487,0.930911429631947,0.0864633839049098
6.74558186062021,-0.0239731316919613,-0.0569894404441269,0.941913410737675,-0.496631620449426,0.931873526592818,0.0868514755007455
6.74891630543515,-0.0240940213593129,-0.0575244698890571,0.94258087001581,-0.497526057541524,0.932878131085515,0.0872313128026702
6.75225075025008,-0.0242147172919886,-0.0580628595314289,0.9432552379197,-0.498412555673363,0.933924948994377,0.0876024960738792
6.75558519506502,-0.0243351046009308,-0.0586045392413846,0.943936400655986,-0.499290737754401,0.935013670105563,0.0879646282658387
6.75891963987996,-0.0244550675515553,-0.0591494371066941,0.944624242653968,-0.5001602333106,0.93614396822585,0.0883173151935529
6.7622540846949,-0.024574489621629,-0.05969747945115,0.945318646593477,-0.501020678656665,0.937315501307485,0.0886601657098485
6.76558852950984,-0.0246932535595188,-0.0602485908537096,0.946019493433299,-0.501871717064835,0.938527911579031,0.0889927918786021
6.76892297432477,-0.0248112414427895,-0.0608026941683823,0.946726662440171,-0.502712998930154,0.939780825682172,0.0893148091468438
6.77225741913971,-0.024928334737121,-0.0613597105448544,0.947440031218318,-0.503544181932139,0.941073854814406,0.0896258365156607
6.77559186395465,-0.0250444143555211,-0.0619195594498421,0.948159475739529,-0.504364931192778,0.942406594877571,0.0899254967098326
6.77892630876959,-0.0251593607178073,-0.0624821586891687,0.948884870373775,-0.505174919430797,0.943778626632153,0.0902134163461273
6.78226075358453,-0.0252730538103304,-0.0630474244305561,0.949616087920334,-0.505973827112113,0.945189515857304,0.0904892261001868
6.78559519839947,-0.0253853732459147,-0.063615271227125,0.950352999639442,-0.506761342596422,0.946638813516505,0.0907525608719348
6.7889296432144,-0.0254961983239873,-0.0641856120415931,0.951095475284436,-0.507537162279851,0.948126055928817,0.0910030599494356
6.79226408802934,-0.0256054080908717,-0.064758358271166,0.951843383134401,-0.508300990733611,0.94965076494564,0.0912403671711374
6.79559853284428,-0.0257128814002163,-0.0653334197731088,0.952596590027288,-0.509052540838592,0.951212448132922,0.091464131086431
6.79893297765922,-0.0258184969735347,-0.0659107048909932,0.953354961393515,-0.509791533915848,0.952810598958721,0.0916740051144574
6.80226742247416,-0.025922133460828,-0.0664901204816081,0.954118361290021,-0.510517699852904,0.954444696986083,0.0918696477010982
6.8056018672891,-0.0260236695012649,-0.0670715719425259,0.954886652434783,-0.511230777225835,0.956114208071119,0.0920507224740819
6.80893631210403,-0.0261229837838914,-0.0676549632403148,0.955659696241761,-0.511930513417073,0.957818584566228,0.0922168983961425
6.81227075691897,-0.0262199551083439,-0.068240196939386,0.956437352856278,-0.512616664728877,0.959557265528376,0.0923678499161646
6.81560520173391,-0.0263144624455398,-0.0688271742314672,0.957219481190824,-0.513288996492428,0.961329676932348,0.0925032571182529
6.81893964654885,-0.026406384998318,-0.0694157949656915,0.958005938961255,-0.513947283172493,0.963135231888885,0.0926228058686611
6.82227409136379,-0.026495602262003,-0.0700059576792911,0.958796582723398,-0.514591308467626,0.964973330867635,0.0927261879605226
6.82560853617873,-0.0265819940848666,-0.0705975596288846,0.959591267910034,-0.515220865405851,0.966843361924801,0.0928131012563155
6.82894298099366,-0.0266654407284606,-0.0711904968223476,0.960389848868253,-0.515835756435793,0.968744700935426,0.0928832498280088
6.8322774258086,-0.0267458229277932,-0.0717846640512545,0.961192178897174,-0.516435793513214,0.970676711830204,0.0929363440948239
6.83561187062354,-0.0268230219513245,-0.0723799549238817,0.961998110286001,-0.517020798182928,0.972638746836723,0.0929721009585587
6.83894631543848,-0.0268969196607533,-0.0729762618987577,0.962807494352429,-0.517590601656042,0.974630146725058,0.0929902439364126
6.84228076025342,-0.0269673985705704,-0.0735734763187507,0.96362018148136,-0.518145044882512,0.976650241057605,0.0929905032912581
6.84561520506836,-0.0270343419073513,-0.0741714884456814,0.964436021163937,-0.51868397861897,0.978698348443063,0.0929726161593031
6.84894964988329,-0.0270976336687633,-0.0747701874954456,0.965254862036871,-0.519207263491791,0.980773776794451,0.0929363266750895
6.85228409469823,-0.0271571586822615,-0.0753694616736395,0.966076551922053,-0.519714770055393,0.982875823591088,0.092881386093774
6.85561853951317,-0.0272128026634464,-0.0759691982116692,0.96690093786644,-0.520206378845728,0.98500377614439,0.0928075529106405
6.85895298432811,-0.0272644522740605,-0.0765692834033362,0.967727866182195,-0.520681980428946,0.987156911867424,0.0927145929777899
6.86228742914305,-0.0273119951795963,-0.0771696026418831,0.968557182487078,-0.521141475445222,0.989334498548077,0.0926022796179611
6.86562187395799,-0.0273553201064913,-0.0777700404574867,0.96938873174506,-0.521584774647719,0.991535794625752,0.09247039373543
6.86895631877292,-0.0273943168988867,-0.0783704805551866,0.970222358307164,-0.522011798936675,0.993760049471476,0.0923187239239419
6.87229076358786,-0.0274288765749218,-0.0789708058532328,0.971057905952507,-0.522422479388605,0.996006503671314,0.0921470665716291
6.8756252084028,-0.0274588913825438,-0.0795708985218422,0.971895217929531,-0.522816757280601,0.998274389312971,0.091955225962868
6.87895965321774,-0.0274842548548056,-0.0801706400223463,0.972734136997413,-0.523194584109728,1.00056293027547,0.0917430143770326
6.88229409803268,-0.0275048618646284,-0.0807699111467194,0.97357450546764,-0.523555921607507,1.00287134252181,0.0915102521840998
6.88562854284762,-0.0275206086790068,-0.0813685920574706,0.974416165245735,-0.523900741749479,1.00519883439445,0.0912567679370663
6.88896298766255,-0.0275313930126308,-0.0819665623278868,0.97525895787311,-0.524229026759855,1.00754460691354,0.0909823984611347
6.89229743247749,-0.027537114080903,-0.082563700982612,0.976102724569053,-0.524540769111243,1.00990785407783,0.0906869889396315
6.89563187729243,-0.0275376726523274,-0.0831598865385462,0.976947306272812,-0.524835971519467,1.01228776316792,0.0903703929966175
6.89896632210737,-0.0275329711002471,-0.0837549970460534,0.977792543685779,-0.52511464693347,1.01468351505209,0.090032472776155
6.90230076692231,-0.0275229134539089,-0.0843489101304592,0.978638277313752,-0.525376818520319,1.01709428449425,0.0896730990181953
6.90563521173725,-0.0275074054488326,-0.0849415030338272,0.97948434750926,-0.525622519645314,1.01951924046408,0.0892921511310532
6.90896965655218,-0.0274863545764622,-0.0855326526569952,0.980330594513943,-0.525851793847218,1.02195754644923,0.0888895172604373
6.91230410136712,-0.0274596701330798,-0.0861222356018584,0.98117685850096,-0.526064694808619,1.02440836076933,0.0884650943550014
6.91563854618206,-0.0274272632679586,-0.0867101282138856,0.982022979617433,-0.526261286321441,1.02687083689189,0.0880187882283906
6.918972990997,-0.027389047030736,-0.0872962066248487,0.982868798026886,-0.526441642247619,1.02934412374971,0.0875505136177519
6.92230743581194,-0.0273449364179851,-0.0878803467957543,0.983714153951685,-0.526605846474967,1.03182736606002,0.087060194238682
6.92564188062688,-0.0272948484189653,-0.08846242455996,0.984558887715455,-0.526753992868249,1.03431970464482,0.0865477628365881
6.92897632544181,-0.0272387020605321,-0.0890423156664593,0.985402839785462,-0.526886185215492,1.03682027675261,0.0860131612344367
6.93231077025675,-0.0271764184511865,-0.0896198958233216,0.986245850814949,-0.527002537169553,1.03932821638133,0.0854563403768663
6.93564521507169,-0.027107920824245,-0.0901950407412684,0.987087761685399,-0.527103172184981,1.04184265460219,0.084877260370646
6.93897965988663,-0.0270331345801116,-0.0907676261773721,0.987928413548734,-0.527188223450203,1.04436271988453,0.0842758905214577
6.94231410470157,-0.0269519873276339,-0.0913375279788625,0.988767647869408,-0.527257833815054,1.04688753842138,0.0836522093669834
6.94564854951651,-0.0268644089245253,-0.0919046221270214,0.989605306466403,-0.527312155713713,1.04941623445575,0.083006204706282
6.94898299433144,-0.026770331516835,-0.0924687847811544,0.9904412315551,-0.52735135108305,1.05194793060739,0.0823378736254408
6.95231743914638,-0.0266696895774507,-0.0930298923226182,0.991275265789016,-0.527375591276451,1.05448174819999,0.0816472225194848
6.95565188396132,-0.0265624199436151,-0.0935878213988933,0.992107252301394,-0.527385056973147,1.05701680758859,0.080934267110536
6.95898632877626,-0.0264484618534421,-0.0941424489676812,0.992937034746623,-0.527379938083097,1.05955222848727,0.0801990324622074
6.9623207735912,-0.0263277569814153,-0.0946936523410139,0.993764457341494,-0.52736043364746,1.06208713029671,0.0794415529902249
6.96565521840614,-0.0262002494728548,-0.095241309229356,0.994589364906244,-0.527326751734724,1.06462063243177,0.07866187246927
6.96898966322107,-0.0260658859773363,-0.0957852977856872,0.995411602905422,-0.52727910933252,1.06715185464877,0.077860044036035
6.97232410803601,-0.0259246156810491,-0.0963254966495465,0.996231017488512,-0.52721773223518,1.06967991737245,0.0770361301884849
6.97565855285095,-0.0257763903380784,-0.0968617849910226,0.997047455530334,-0.527142854927102,1.07220394202242,0.0761902027813295
6.97899299766589,-0.0256211643005983,-0.0973940425546751,0.997860764671202,-0.527054720461957,1.07472305133907,0.0753223430176946
6.98232744248083,-0.0254588945479633,-0.0979221497033708,0.998670793356813,-0.526953580337816,1.07723636970865,0.0744326414369992
6.98566188729577,-0.0252895407146849,-0.098445987462018,0.999477390877873,-0.526839694368238,1.07974302348758,0.0735211978990378
6.9889963321107,-0.025113065117281,-0.0989654375611831,1.00028040740942,-0.526713330549396,1.08224214132573,0.0725881215642698
6.99233077692564,-0.0249294327799881,-0.0994803824805759,1.00107969404988,-0.526574764923281,1.08473285448864,0.0716335308703216
6.99566522174058,-0.0247386114593228,-0.0999907054923832,1.00187510285976,-0.52642428143708,1.08721429717848,0.070657553504709
6.99899966655552,-0.0245405716674847,-0.10049629070444,1.00266648690007,-0.526262171798759,1.08968560685365,0.0696603263737832
7.00233411137046,-0.0243352866945874,-0.100997023103217,1.00345370027033,-0.526088735328943,1.09214592454697,0.0686419955679142
7.0056685561854,-0.0241227326297112,-0.10149278859662,1.00423659814635,-0.525904278809156,1.0945943951822,0.0676027163229182
7.00900300100033,-0.0239028883807662,-0.101983474056563,1.0050150368175,-0.525709116326481,1.09703016788893,0.0665426529777452
7.01233744581527,-0.023675735693157,-0.102468967361332,1.00578887372371,-0.525503569114731,1.09945239631555,0.0654619789284351
7.01567189063021,-0.0234412591672439,-0.102949157437691,1.00655796749202,-0.525287965392189,1.10186023894032,0.0643608765783653
7.01900633544515,-0.0231994462745879,-0.103423934302737,1.00732217797278,-0.525062640195997,1.10425285938038,0.0632395372847982
7.02234078026009,-0.0229502873729779,-0.103893189105483,1.00808136627535,-0.524827935213279,1.10662942669856,0.0620981613017506
7.02567522507502,-0.0226937757202285,-0.104356814168147,1.00883539480351,-0.524584198609064,1.10898911570785,0.0609369577192082
7.02900966988996,-0.0224299074867472,-0.104814703027143,1.00958412729029,-0.524331784851093,1.11133110727352,0.0597561443986987
7.0323441147049,-0.0221586817668608,-0.105266750473752,1.01032742883245,-0.524071054531601,1.11365458861264,0.0585559479052526
7.03567855951984,-0.0218801005888992,-0.105712852594455,1.01106516592443,-0.523802374186135,1.11595875359099,0.0573366034357734
7.03901300433478,-0.021594168924031,-0.106152906810926,1.0117972064919,-0.523526116109518,1.11824280301725,0.056098354743843
7.04234744914972,-0.021300894693847,-0.106586811919656,1.01252341992477,-0.523242658169023,1.12050594493421,0.0548414540609895
7.04568189396466,-0.0210002887766872,-0.107014468131205,1.01324367710975,-0.522952383614852,1.12274739490715,0.0535661620144443
7.04901633877959,-0.0206923650127113,-0.107435777109055,1.01395785046232,-0.522655680888007,1.12496637630896,0.0522727475414247
7.05235078359453,-0.0203771402077057,-0.107850642008066,1.01466581395832,-0.522352943425645,1.12716212060225,0.0509614877999621
7.05568522840947,-0.0200546341356306,-0.108258967512507,1.01536744316491,-0.522044569464,1.12933386761802,0.0496326680763222
7.05901967322441,-0.0197248695399005,-0.108660659873655,1.01606261527101,-0.521730961838964,1.13148086583101,0.0482865816890398
7.06235411803935,-0.0193878721334014,-0.109055626946946,1.01675120911726,-0.521412527784424,1.13360237263146,0.0469235298896104
7.06568856285428,-0.0190436705972422,-0.109443778228664,1.01743310522533,-0.521089678728448,1.13569765459339,0.0455438217598737
7.06902300766922,-0.0186922965782417,-0.109825024892161,1.01810818582672,-0.520762830087401,1.13776598773903,0.044147774106127
7.07235745248416,-0.0183337846851507,-0.110199279823582,1.01877633489102,-0.520432401058107,1.13980665779955,0.0427357113500094
7.0756918972991,-0.017968172483612,-0.110566457657091,1.01943743815351,-0.520098814408132,1.14181896047182,0.0413079654161949
7.07902634211404,-0.0175955004898596,-0.11092647480959,1.02009138314222,-0.519762496264299,1.14380220167122,0.0398648756169429
7.08236078692898,-0.0172158121631587,-0.111279249514902,1.02073805920435,-0.519423875899528,1.14575569778035,0.0384067885335415
7.08569523174392,-0.0168291538969901,-0.111624701857422,1.02137735753218,-0.519083385518087,1.1476787758935,0.0369340578946945
7.08902967655885,-0.0164355750089833,-0.11196275380521,1.02200917118822,-0.51874146003938,1.14957077405693,0.0354470444518976
7.09236412137379,-0.0160351277295991,-0.112293329242532,1.02263339512985,-0.518398536880344,1.15143104150476,0.0339461158518455
7.09569856618873,-0.0156278671895714,-0.112616354001809,1.02324992623326,-0.518055055736566,1.15325893889035,0.032431646505931
7.09903301100367,-0.0152138514061075,-0.112931755894998,1.02385866331682,-0.517711458362227,1.15505383851325,0.0309040174568703
7.10236745581861,-0.0147931412678563,-0.113239464744353,1.02445950716374,-0.517368188348959,1.15681512454146,0.0293636162425178
7.10570190063354,-0.014365800518648,-0.113539412412598,1.02505236054408,-0.517025690903732,1.15854219322903,0.0278108367569149
7.10903634544848,-0.0139318957400145,-0.113831532832461,1.02563712823619,-0.516684412625861,1.16023445312885,0.0262460791086343
7.11237079026342,-0.0134914963324946,-0.114115762035585,1.02621371704733,-0.516344801283246,1.16189132530063,0.0246697494764633
7.11570523507836,-0.0130446744957334,-0.114392038180792,1.02678203583377,-0.516007305587931,1.16351224351391,0.0230822599624923
7.1190396798933,-0.0125915052073827,-0.114660301581701,1.02734199552015,-0.515672374971113,1.16509665444611,0.0214840284426578
7.12237412470824,-0.0121320662008126,-0.114920494733671,1.02789350911809,-0.515340459357663,1.16664401787547,0.0198754784148017
7.12570856952317,-0.0116664379416412,-0.115172562340081,1.02843649174426,-0.515012008940314,1.16815380686888,0.0182570388443041
7.12904301433811,-0.0111947036030938,-0.115416451337921,1.02897086063762,-0.514687473953568,1.16962550796446,0.0166291440073496
7.13237745915305,-0.0107169490401995,-0.115652110922692,1.02949653517605,-0.514367304447462,1.17105862134893,0.0149922333318854
7.13571190396799,-0.0102332627628381,-0.115879492572605,1.0300134368922,-0.514051950061284,1.1724526610296,0.0133467512363399
7.13904634878293,-0.00974373590764687,-0.116098550072067,1.03052148948875,-0.513741859797339,1.17380715500093,0.0116931469661574
7.14238079359787,-0.00924846220879758,-0.116309239534449,1.0310206188528,-0.513437481794871,1.17512164540574,0.0100318744282134
7.1457152384128,-0.00874753796765765,-0.116511519424124,1.03151075306972,-0.513139263104254,1.17639568869082,0.00836339202317892
7.14904968322774,-0.00824106202134662,-0.11670535057777,1.03199182243615,-0.51284764946154,1.17762885575698,0.00668816247589587
7.15238412804268,-0.007729135710201,-0.116890696224929,1.03246375947231,-0.512563085063481,1.17882073210353,0.00500665266383028
7.15571857285762,-0.00721186284416008,-0.117067522007811,1.03292649893366,-0.512286012343114,1.17997091796706,0.00331933344367017
7.15905301767256,-0.00668934966808783,-0.11723579600034,1.03337997782173,-0.512016871746032,1.18107902845454,0.00162667947613844
7.1623874624875,-0.00616170482604273,-0.117395488726437,1.03382413539431,-0.511756101507418,1.18214469367059,-7.08309509174132e-05
7.16572190730243,-0.00562903932451289,-0.117546573177519,1.03425891317484,-0.51150413742997,1.18316755883902,-0.00177271610107912
7.16905635211737,-0.00509146649462896,-0.11768902482923,1.03468425496111,-0.511261412662796,1.18414728441854,-0.00347849096949511
7.17239079693231,-0.00454910195336993,-0.117822821657373,1.03510010683321,-0.511028357481401,1.18508354621248,-0.00518766746452846
7.17572524174725,-0.00400206356378194,-0.117947944153059,1.0355064171608,-0.510805399068845,1.18597603547275,-0.0068997545908356
7.17905968656219,-0.00345047139421967,-0.118064375337053,1.03590313660953,-0.510592961298196,1.18682445899771,-0.00861425863381755
7.18239413137713,-0.00289444767663208,-0.118172100773312,1.03629021814684,-0.510391464516356,1.18762853922416,-0.0103306833453618
7.18572857619206,-0.00233411676390727,-0.118271108581721,1.03666761704698,-0.510201325329373,1.1883880143133,-0.0120485301308042
7.189063021007,-0.00176960508629431,-0.118361389450006,1.03703529089528,-0.510022956389339,1.18910263823057,-0.0137672982370372
7.19239746582194,-0.00120104110691833,-0.118442936644837,1.03739319959171,-0.509856766182947,1.18977218081961,-0.0154864849416947
7.19573191063688,-0.000628555276410744,-0.118515746022098,1.03774130535369,-0.50970315882185,1.19039642786994,-0.017205585743327
7.19906635545182,-5.22799866681164e-05,-0.118579816036332,1.03807957271818,-0.509562533834868,1.19097518117871,-0.018924094552507
7.20240080026676,0.00052765047623833,-0.118635147749361,1.03840796854302,-0.509435285962174,1.1915082586062,-0.02064150388378
7.20573524508169,0.00111109997998413,-0.118681744838058,1.0387264620076,-0.509321804951536,1.19199549412532,-0.0223573050483865
7.20906968989663,0.00169793059472449,-0.118719613601293,1.03903502461266,-0.509222475356714,1.19243673786486,-0.02407098834768
7.21240413471157,0.00228800264262019,-0.118748762966026,1.03933363017958,-0.509137676338108,1.19283185614666,-0.0257820432671671
7.21573857952651,0.0028811747481335,-0.118769204492566,1.03962225484871,-0.509067781465738,1.19318073151657,-0.0274899586710864
7.21907302434145,0.00347730388907636,-0.118780952378977,1.03990087707716,-0.509013158524658,1.19348326276933,-0.0291942229974548
7.22240746915639,0.0040762454483903,-0.118784023464636,1.04016947763579,-0.508974169322889,1.19373936496718,-0.0308943244535059
7.22574191397132,0.00467785326663319,-0.118778437232941,1.0404280396055,-0.508951169501951,1.1939489694524,-0.0325897512114323
7.22907635878626,0.00528197969515735,-0.118764215813169,1.04067654837279,-0.508944508350101,1.19411202385362,-0.0342799916043689
7.2324108036012,0.00588847564995228,-0.118741383981476,1.04091499162465,-0.508954528618342,1.19422849208606,-0.0359645343225271
7.23574524841614,0.00649719066613416,-0.118709969161047,1.04114335934273,-0.508981566339299,1.19429835434552,-0.0376428686094106
7.23907969323108,0.00710797295305625,-0.118670001421391,1.0413616437968,-0.509025950649043,1.19432160709631,-0.0393144844580286
7.24241413804602,0.0077206694500217,-0.118621513476774,1.0415698395375,-0.509088003611948,1.19429826305303,-0.0409788728070337
7.24574858286095,0.00833512588257386,-0.118564540683808,1.04176794338845,-0.509168040048651,1.19422835115623,-0.0426355257367041
7.24908302767589,0.0089511868193406,-0.118499121038174,1.04195595443764,-0.509266367367212,1.194111916542,-0.0442839366646894
7.25241747249083,0.00956869572941345,-0.1184252951705,1.04213387402816,-0.509383285397534,1.19394902050546,-0.0459236005414516
7.25575191730577,0.0101874950402329,-0.118343106341376,1.0423017057482,-0.509519086229134,1.19373974045823,-0.0475540140453092
7.25908636212071,0.0108074261959612,-0.118252600435524,1.04245945542047,-0.509674054052324,1.19348416987986,-0.0491746757770213
7.26242080693565,0.0114283297163173,-0.118153825955113,1.0426071310909,-0.5098484650029,1.19318241826321,-0.0507850864538249
7.26575525175058,0.0120500452558484,-0.118046834012225,1.04274474301668,-0.510042587010378,1.19283461105397,-0.0523847491028514
7.26908969656552,0.0126724116636181,-0.117931678320478,1.0428723036537,-0.510256679649878,1.19244088958412,-0.0539731692538446
7.27242414138046,0.0132952670432825,-0.117808415185792,1.04298982764329,-0.510490993997709,1.19200141099959,-0.0555498551311034
7.2757585861954,0.0139184488135349,-0.117677103496329,1.04309733179836,-0.51074577249072,1.19151634818192,-0.057114317844576
7.27909303101034,0.0145417937688885,-0.117537804711579,1.0431948350889,-0.51102124878949,1.19098588966425,-0.0586660715800192
7.28242747582528,0.0151651381407804,-0.117390582850619,1.04328235862687,-0.511317647645423,1.19041023954136,-0.0602046337881609
7.28576192064021,0.0157883176589643,-0.117235504479531,1.04335992565047,-0.511635184771794,1.18978961737407,-0.0617295253727801
7.28909636545515,0.016411167613174,-0.117072638697999,1.04342756150782,-0.511974066718822,1.18912425808787,-0.0632402708776329
7.29243081027009,0.0170335229150267,-0.11690205712507,1.04348529364,-0.512334490752829,1.18841441186593,-0.0647363986721485
7.29576525508503,0.0176552181601484,-0.116723833884107,1.04353315156355,-0.512716644739521,1.18766034403647,-0.0662174411358258
7.29909969989997,0.0182760876904869,-0.116538045586914,1.04357116685238,-0.513120707031476,1.1868623349546,-0.0676829348412453
7.3024341447149,0.0188959656567973,-0.116344771317055,1.04359937311912,-0.513546846359864,1.18602067987863,-0.0691324207356379
7.30576858952984,0.0195146860812685,-0.116144092612363,1.04361780599586,-0.513995221730468,1.18513568884095,-0.0705654443209289
7.30910303434478,0.0201320829202664,-0.115936093446651,1.04362650311438,-0.514465982324044,1.18420768651349,-0.071981555832183
7.31243747915972,0.0207479901271713,-0.115720860210626,1.04362550408588,-0.514959267401081,1.18323701206787,-0.0733803104143876
7.31577192397466,0.0213622417152813,-0.115498481692012,1.04361485048004,-0.515475206210981,1.18222401903029,-0.0747612682974967
7.3191063687896,0.0219746718207574,-0.115269049054891,1.04359458580375,-0.516013917905736,1.18116907513116,-0.0761239949696662
7.32244081360454,0.0225851147655864,-0.115032655818264,1.04356475547915,-0.516575511458112,1.18007256214964,-0.0774680613486136
7.32577525841947,0.023193405120534,-0.114789397833845,1.04352540682126,-0.517160085584396,1.1789348757531,-0.0787930439510312
7.32910970323441,0.0237993777680651,-0.114539373263092,1.04347658901514,-0.517767728671743,1.17775642533151,-0.080098525059985
7.33244414804935,0.0244028679652042,-0.114282682553474,1.04341835309247,-0.518398518710146,1.176537633827,-0.0813840928902339
7.33577859286429,0.0250037114063125,-0.114019428413997,1.04335075190779,-0.519052523229083,1.17527893755844,-0.0826493417514002
7.33911303767923,0.0256017442857546,-0.113749715789989,1.04327384011416,-0.519729799238838,1.17398078604135,-0.0838938722089252
7.34244748249416,0.0261968033604318,-0.113473651837143,1.04318767413845,-0.520430393176573,1.17264364180301,-0.0851172912427511
7.3457819273091,0.0267887260121557,-0.113191345894845,1.04309231215616,-0.521154340857125,1.17126798019297,-0.086319212403658
7.34911637212404,0.0273773503098371,-0.112902909458777,1.04298781406583,-0.521901667428597,1.169854289189,-0.0874992559671969
7.35245081693898,0.027962515071467,-0.112608456152819,1.04287424146305,-0.522672387332732,1.1684030691986,-0.0886570490851572
7.35578526175392,0.0285440599258623,-0.112308101700245,1.04275165761399,-0.523466504270117,1.16691483285608,-0.0897922259345044
7.35911970656886,0.0291218253741537,-0.112001963894235,1.04262012742869,-0.524284011170212,1.16539010481533,-0.0909044278637323
7.36245415138379,0.0296956528509916,-0.111690162567699,1.04247971743378,-0.525124890166238,1.16382942153846,-0.0919933035365677
7.36578859619873,0.0302653847854417,-0.111372819562439,1.04233049574504,-0.525989112574931,1.16223333108017,-0.0930585090729685
7.36912304101367,0.030830864661553,-0.111050058697641,1.0421725320394,-0.526876638881165,1.16060239286824,-0.0940997081873633
7.37245748582861,0.0313919370785665,-0.110722005737718,1.04200589752678,-0.527787418727472,1.15893717747993,-0.0951165723240708
7.37579193064355,0.0319484478107474,-0.110388788359517,1.0418306649215,-0.52872139090845,1.1572382664146,-0.0961087807898501
7.37912637545849,0.0325002438668109,-0.110050536118884,1.04164690841338,-0.529678483370072,1.1555062518626,-0.0970760208835202
7.38246082027342,0.0330471735489232,-0.109707380416623,1.04145470363856,-0.530658613213896,1.1537417364704,-0.0980179880226063
7.38579526508836,0.0335890865112509,-0.10935945446383,1.04125412765003,-0.531661686706179,1.15194533310219,-0.0989343858669532
7.3891297099033,0.0341258338180375,-0.10900689324664,1.04104525888789,-0.532687599291891,1.15011766459808,-0.0998249264392601
7.39246415471824,0.0346572680011834,-0.108649833490384,1.04082817714927,-0.533736235613631,1.1482593635288,-0.100689330242488
7.39579859953318,0.0351832431173047,-0.108288413623166,1.04060296355815,-0.53480746953543,1.14637107194721,-0.101527326374087
7.39913304434812,0.0357036148042526,-0.107922773738878,1.04036970053474,-0.535901164171439,1.14445344113663,-0.102338652637006
7.40246748916305,0.0362182403370664,-0.107553055559665,1.04012847176483,-0.537017171919491,1.14250713135607,-0.103123055647432
7.40580193397799,0.0367269786833406,-0.107179402397848,1.0398793621688,-0.53815533449953,1.14053281158254,-0.103880290939215
7.40913637879293,0.0372296905579843,-0.106801959117309,1.03962245787046,-0.539315482996877,1.13853115925043,-0.104610123064946
7.41247082360787,0.0377262384773499,-0.10642087209438,1.03935784616574,-0.540497437910335,1.1365028599882,-0.105312325693634
7.41580526842281,0.0382164868127107,-0.106036289178203,1.03908561549116,-0.541701009205102,1.13444860735238,-0.105986681704946
7.41913971323775,0.0387003018430663,-0.105648359650619,1.03880585539215,-0.542925996370474,1.13236910255905,-0.106632983279982
7.42247415805268,0.0391775518072548,-0.10525723418557,1.03851865649127,-0.544172188482317,1.13026505421287,-0.107251031988531
7.42580860286762,0.0396481069553514,-0.104863064808028,1.03822411045621,-0.54543936427028,1.12813717803381,-0.107840638872782
7.42914304768256,0.0401118395993329,-0.104466004852488,1.03792230996776,-0.546727292189725,1.12598619658158,-0.108401624527458
7.4324774924975,0.0405686241629894,-0.104066208921002,1.0376133486876,-0.548035730498343,1.12381283897809,-0.108933819176331
7.43581193731244,0.0410183372310614,-0.103663832840803,1.03729732122606,-0.549364427337418,1.1216178406278,-0.109437062745099
7.43914638212738,0.0414608575975859,-0.103259033621503,1.03697432310973,-0.550713120817718,1.11940194293623,-0.109911204930577
7.44248082694231,0.04189606631343,-0.102851969411901,1.03664445074909,-0.552081539109969,1.11716589302671,-0.110356105266196
7.44581527175725,0.0423238467329947,-0.102442799456397,1.03630780140599,-0.553469400539878,1.11491044345545,-0.110771633183761
7.44914971657219,0.0427440845600707,-0.102031684051041,1.03596447316118,-0.554876413687656,1.11263635192504,-0.111157668071459
7.45248416138713,0.0431566678928278,-0.101618784499217,1.03561456488175,-0.556302277492013,1.11034438099661,-0.111514099328084
7.45581860620207,0.043561487267921,-0.101204263066987,1.03525817618857,-0.557746681358577,1.10803529780055,-0.111840826413458
7.45915305101701,0.0439584357036957,-0.100788282938101,1.03489540742377,-0.559209305272681,1.10570987374612,-0.112137758895029
7.46248749583194,0.0443474087424746,-0.100371008168695,1.03452635961818,-0.560689819916484,1.10336888422993,-0.112404816490623
7.46582194064688,0.0447283044919114,-0.0999526036416848,1.03415113445881,-0.562187886790372,1.10101310834343,-0.112641929107336
7.46915638546182,0.0451010236653943,-0.0995332350208694,1.0337698342564,-0.563703158338582,1.0986433285796,-0.112849036876544
7.47249083027676,0.045465469621483,-0.0991130687047654,1.03338256191297,-0.565235278079001,1.09626033053883,-0.113026090185027
7.4758252750917,0.0458215484023664,-0.0986922717801797,1.0329894208895,-0.566783880737089,1.0938649026342,-0.113173049702174
7.47915971990664,0.0461691687713221,-0.0982710119755395,1.03259051517362,-0.568348592383854,1.09145783579625,-0.113289886403279
7.48249416472157,0.046508242249168,-0.0978494576139916,1.03218594924741,-0.56992903057784,1.08903992317735,-0.113376581588903
7.48582860953651,0.046838683149688,-0.097427777566287,1.03177582805539,-0.571524804511047,1.08661195985577,-0.113433126900297
7.48916305435145,0.0471604086140205,-0.097006141203465,1.03136025697245,-0.573135515158737,1.08417474253961,-0.113459524330885
7.49249749916639,0.0474733386439957,-0.096584718349352,1.03093934177208,-0.574760755433058,1.08172906927066,-0.11345578623379
7.49583194398133,0.0477773961344092,-0.096163679232889,1.03051318859465,-0.576400110340405,1.07927573912829,-0.113421935325404
7.49916638879627,0.0480725069042192,-0.0957431944403041,1.03008190391584,-0.578053157142478,1.07681555193363,-0.11335800468501
7.5025008336112,0.0483585997266553,-0.0953234348671433,1.02964559451531,-0.579719465520939,1.07434930795387,-0.113264037750432
7.50583527842614,0.0486356063582286,-0.0949045716701744,1.02920436744544,-0.581398597745623,1.07187780760712,-0.11314008830974
7.50916972324108,0.0489034615666309,-0.0944867762191822,1.02875833000036,-0.583090108846206,1.06940185116773,-0.112986220488986
7.51250416805602,0.0491621031575123,-0.0940702200486643,1.02830758968508,-0.584793546787277,1.0669222384722,-0.112802508736003
7.51583861287096,0.0494114720001284,-0.0936550748094482,1.02785225418496,-0.586508452646729,1.06443976862591,-0.112589037800243
7.5191730576859,0.049651512051846,-0.0932415122202404,1.02739243133527,-0.588234360797387,1.06195523971067,-0.112345902708684
7.52250750250083,0.0498821703814996,-0.092829704019125,1.02692822909109,-0.589970799091805,1.05946944849325,-0.112073208737806
7.52584194731577,0.0501033971915879,-0.0924198219150257,1.02645975549738,-0.591717289050147,1.05698319013497,-0.111771071381641
7.52917639213071,0.0503151458393045,-0.0920120375391464,1.02598711865938,-0.593473346051068,1.05449725790253,-0.111439616315918
7.53251083694565,0.0505173728563932,-0.091606522396405,1.0255104267132,-0.595238479525522,1.0520124428801,-0.111078979358306
7.53584528176059,0.0507100379678205,-0.0912034478168766,1.02502978779676,-0.597012193153395,1.04952953368282,-0.110689306424787
7.53917972657552,0.0508931041092611,-0.0908029849072583,1.02454531002098,-0.598793985062905,1.04704931617188,-0.110270753482148
7.54251417139046,0.0510665374433853,-0.0904053045023747,1.02405710144128,-0.60058334803265,1.04457257317116,-0.109823486496637
7.5458486162054,0.0512303073749475,-0.0900105771167343,1.02356527002942,-0.602379769696245,1.04210008418563,-0.109347681378791
7.54918306102034,0.0513843865646667,-0.0896189728961547,1.02306992364556,-0.604182732749445,1.0396326251216,-0.108843523924446
7.55251750583528,0.0515287509418959,-0.0892306615694708,1.02257117001081,-0.605991715159663,1.03717096800893,-0.108311209751978
7.55585195065022,0.0516633797160752,-0.0888458124003395,1.02206911667999,-0.6078061903778,1.03471588072526,-0.107750944235767
7.55918639546516,0.0517882553869646,-0.0884645941391578,1.02156387101477,-0.609625627552282,1.03226812672239,-0.107162942435938
7.56252084028009,0.0519033637536542,-0.0880871749751054,1.02105554015723,-0.611449491745235,1.02982846475499,-0.106547429024383
7.56585528509503,0.0520086939223466,-0.0877137224883315,1.02054423100368,-0.613277244150669,1.02739764861158,-0.105904638207115
7.56918972990997,0.0521042383129112,-0.0873444036022944,1.02003005017899,-0.61510834231461,1.02497642684801,-0.105234813642959
7.57252417472491,0.0521899926642071,-0.0869793845362735,1.01951310401117,-0.616942240357063,1.02256554252349,-0.104538208358631
7.57585861953985,0.0522659560381732,-0.0866188307580636,1.01899349850644,-0.618778389195718,1.02016573293931,-0.103815084660226
7.57919306435478,0.0523321308226847,-0.0862629069368704,1.01847133932467,-0.620616236771295,1.01777772938024,-0.103065714041161
7.58252750916972,0.0523885227331756,-0.0859117768964167,1.01794673175523,-0.622455228274445,1.01540225685884,-0.10229037708659
7.58586195398466,0.0524351408130265,-0.0855656035682769,1.01741978069327,-0.62429480637408,1.0130400338627,-0.101489363374351
7.5891963987996,0.0524719974327188,-0.0852245489454517,1.01689059061638,-0.626134411447068,1.0106917721047,-0.100662971372459
7.59253084361454,0.0524991082877554,-0.0848887740361981,1.01635926556177,-0.627973481809165,1.00835817627636,-0.0998115083332101
7.59586528842948,0.0525164923953501,-0.0845584388181283,1.01582590910379,-0.629811453947087,1.00603994380451,-0.0989352901839121
7.59919973324442,0.0525241720898871,-0.0842337021925902,1.01529062433201,-0.63164776275164,1.00373776461118,-0.0980346414143064
7.60253417805935,0.0525221730171525,-0.0839147219393438,1.01475351382962,-0.633481841751785,1.00145232087687,-0.097109894960709
7.60586862287429,0.0525105241273421,-0.0836016546715485,1.01421467965242,-0.635313123349542,0.999184286807351,-0.096161392086925
7.60920306768923,0.0524892576668469,-0.0832946557910707,1.01367422330819,-0.637141039055633,0.996934328403999,-0.0951894822619765
7.61253751250417,0.0524584091688212,-0.0829938794441291,1.01313224573657,-0.638965019725763,0.994703103237776,-0.0941945230346978
7.61587195731911,0.0524180174425373,-0.0826994784772883,1.01258884728939,-0.640784495797433,0.992491260226927,-0.09317687990524
7.61920640213404,0.0523681245615318,-0.0824116043938146,1.01204412771154,-0.642598897527167,0.990299439418492,-0.0921369261935417
7.62254084694898,0.0523087758505478,-0.0821304073104057,1.01149818612228,-0.644407655228086,0.988128271773678,-0.0910750429048096
7.62587529176392,0.0522400198712798,-0.0818560359143098,1.01095112099702,-0.646210199507685,0.985978378957213,-0.0899916185920698
7.62920973657886,0.0521619084069265,-0.0815886374208422,1.0104030301497,-0.648005961505728,0.983850373130711,-0.0888870492158363
7.6325441813938,0.0520744964455582,-0.0813283575313158,1.00985401071552,-0.649794373132164,0.981744856750138,-0.0877617380009538
7.63587862620874,0.0519778421623068,-0.0810753403913961,1.00930415913437,-0.651574867304942,0.979662422367467,-0.086616095290673
7.63921307102367,0.0518720069003839,-0.0808297285498922,1.00875357113456,-0.653346878187631,0.977603652436559,-0.085450538398011
7.64254751583861,0.0517570551509371,-0.0805916629179968,1.00820234171724,-0.655109841426745,0.975569119123355,-0.0842654914544588
7.64588196065355,0.0516330545317518,-0.0803612827289866,1.00765056514124,-0.656863194388654,0.973559384120449,-0.0830613852560921
7.64921640546849,0.0515000757648066,-0.0801387254983941,1.00709833490847,-0.658606376395999,0.971574998466092,-0.0818386571071459
7.65255085028343,0.0513581926526933,-0.0799241269846639,1.0065457437498,-0.66033882896348,0.969616502367691,-0.0805977506611174
7.65588529509837,0.0512074820539097,-0.0797176211503019,1.00599288361154,-0.662059996032943,0.967684425029874,-0.0793391157594525
7.6592197399133,0.051048023857036,-0.0795193401235316,1.00543984564239,-0.663769324207636,0.965779284487165,-0.0780632082678864
7.66255418472824,0.0508799009538051,-0.0793294141604666,1.00488672018092,-0.665466262985557,0.963901587441329,-0.076770489910496
7.66588862954318,0.050703199211078,-0.0791479716078099,1.00433359674361,-0.667150264991762,0.962051829103445,-0.0754614281015329
7.66922307435812,0.0505180074417355,-0.0789751388660914,1.00378056401342,-0.668820786209562,0.960230493040752,-0.0741364957751014
7.67255751917306,0.0503244173744974,-0.0788110403534537,1.0032277098289,-0.670477286210483,0.958438051028318,-0.072796171212747
7.675891963988,0.0501225236226832,-0.0786557984699958,1.00267512117378,-0.672119228382904,0.956674962905597,-0.071440937869026
7.67922640880293,0.0499124236519243,-0.0785095335626855,1.00212288416719,-0.673746080159261,0.95494167643788,-0.0700712841951173
7.68256085361787,0.0496942177468431,-0.078372363890849,1.00157108405433,-0.675357313241724,0.953238627182731,-0.0686877034605576
7.68589529843281,0.0494680089767107,-0.0782444055922498,1.00101980519774,-0.676952403826248,0.951566238361418,-0.0672906935731549
7.68922974324775,0.0492339031600975,-0.0781257726497619,1.00046913106906,-0.678530832824894,0.949924920735384,-0.0658807568971631
7.69256418806269,0.0489920088285316,-0.078016576858652,0.999919144241371,-0.680092086086331,0.948315072487805,-0.0644584000697809
7.69589863287763,0.0487424371891774,-0.0779169277944744,0.999369926382041,-0.681635654614411,0.94673707911026,-0.0630241338160496
7.69923307769256,0.0484853020865523,-0.077826932781591,0.998821558246106,-0.683161034784729,0.945191313294551,-0.0615784727622244
7.7025675225075,0.0482207199632935,-0.0777466968623231,0.998274119670204,-0.684667728559071,0.943678134829703,-0.0601219352476873
7.70590196732244,0.0479488098199926,-0.0776763227667443,0.997727689567027,-0.686155243697654,0.942197890504175,-0.0586550431354782
7.70923641213738,0.0476696931741134,-0.0776159108831211,0.997182345920307,-0.687623093969065,0.940750914013299,-0.0571783216215167
7.71257085695232,0.047383494018009,-0.0775655592290117,0.996638165780334,-0.689070799357804,0.939337525871991,-0.055692299042594
7.71590530176726,0.047090338776054,-0.0775253634230274,0.996095225259997,-0.690497886269351,0.937958033332734,-0.0541975066832002
7.71923974658219,0.0467903562609108,-0.0774954166572668,0.995553599531352,-0.691903887732645,0.936612730308867,-0.0526944785812721
7.72257419139713,0.0464836776289443,-0.0774758096704286,0.995013362822702,-0.693288343599909,0.9353018973032,-0.0511837513329325
7.72590863621207,0.0461704363348055,-0.0774666307216103,0.994474588416212,-0.69465080074372,0.934025801341957,-0.0496658638962975
7.72924308102701,0.0458507680851991,-0.0774679655647998,0.993937348646024,-0.695990813251234,0.932784695914076,-0.0481413573944313
7.73257752584195,0.0455248107918552,-0.0774798974240656,0.993401714896889,-0.697307942615491,0.931578820915871,-0.0466107749175188
7.73591197065689,0.0451927045237233,-0.0775025069694536,0.992867757603307,-0.698601757923707,0.930408402601062,-0.0450746613243456
7.73924641547182,0.0448545914584049,-0.0775358722935944,0.992335546249171,-0.69987183604248,0.929273653536187,-0.0435335630431451
7.74258086028676,0.0445106158328472,-0.0775800688890287,0.991805149367909,-0.701117761799806,0.928174772561401,-0.0419880278719094
7.7459153051017,0.0441609238933147,-0.0776351696262556,0.991276634543122,-0.702339128163856,0.927111944756652,-0.0404386047782271
7.74924974991664,0.0438056638446586,-0.0777012447325095,0.99075006840971,-0.703535536418406,0.926085341413258,-0.0388858436987347
7.75258419473158,0.0434449857989039,-0.0777783617712705,0.990225516655484,-0.704706596334864,0.925095120010861,-0.0373302953382561
7.75591863954652,0.0430790417231746,-0.0778665856225128,0.989703044023263,-0.705851926340798,0.924141424199767,-0.0357725109687092
7.75925308436145,0.0427079853869759,-0.0779659784636972,0.989182714313434,-0.706971153684914,0.923224383788667,-0.0342130422278594
7.76258752917639,0.0423319723088549,-0.0780765997515104,0.988664590386995,-0.708063914598383,0.92234411473772,-0.0326524409179948
7.76592197399133,0.0419511597024603,-0.0781985062043567,0.988148734169047,-0.709129854452474,0.921500719157003,-0.0310912588046087
7.76925641880627,0.0415657064220212,-0.0783317517856044,0.987635206652757,-0.710168627912397,0.920694285310307,-0.0295300474151585
7.77259086362121,0.0411757729072664,-0.0784763876875931,0.987124067903758,-0.711179899087309,0.919924887624262,-0.027969357837987
7.77592530843615,0.040781521127805,-0.0786324623164031,0.986615377064999,-0.712163341676401,0.919192586702783,-0.0264097405214791
7.77925975325108,0.0403831145269914,-0.0788000212773901,0.986109192362033,-0.713118639111013,0.918497429346816,-0.0248517450735382
7.78259419806602,0.039980717965293,-0.078979107361491,0.985605571108737,-0.7140454846927,0.917839448579363,-0.0232959200614529
7.78592864288096,0.0395744976631853,-0.0791697605322998,0.985104569713447,-0.714943581727203,0.917218663675754,-0.0217428128122376
7.7892630876959,0.0391646211435947,-0.0793720179139184,0.984606243685516,-0.715812643654252,0.916635080199163,-0.0201929692135225
7.79259753251084,0.0387512571739106,-0.0795859137795851,0.984110647642277,-0.716652394173154,0.916088690041319,-0.0186469335150694
7.79593197732578,0.0383345757075912,-0.0798114795410799,0.983617835316407,-0.717462567364102,0.915579471468399,-0.0171052481309934
7.79926642214071,0.0379147478253814,-0.0800487437389114,0.983127859563682,-0.718242907805148,0.915107389172062,-0.0155684534427649
7.80260086695565,0.0374919456761696,-0.0802977320332856,0.982640772371116,-0.718993170684808,0.914672394325598,-0.0140370876030672
7.80593531177059,0.0370663424175019,-0.0805584671958578,0.982156624865481,-0.719713121910214,0.914274424645156,-0.0125116863405915
7.80926975658553,0.0366381121557782,-0.0808309691022687,0.981675467322185,-0.720402538210803,0.91391340445601,-0.0109927827658364
7.81260420140047,0.0362074298861537,-0.0811152547254657,0.981197349174516,-0.721061207237465,0.913589244763829,-0.00948090717799695
7.8159386462154,0.0357744714321657,-0.0814113381298108,0.980722319023234,-0.72168892765712,0.91330184333091,-0.00797658687300868
7.81927309103034,0.0353394133851112,-0.0817192304659724,0.9802504246465,-0.722285509242684,0.913051084757337,-0.00648034595283034
7.82260753584528,0.0349024330431968,-0.0820389399666057,0.979781713010144,-0.722850772958378,0.912836840566998,-0.00499270513602783
7.82594198066022,0.0344637083504839,-0.0823704719428178,0.979316230278249,-0.723384551040336,0.912658969298454,-0.00351418156974694
7.82927642547516,0.0340234178356523,-0.0827138287814183,0.97885402182405,-0.723886687072488,0.91251731660057,-0.00204528864313333
7.8326108702901,0.0335817405506056,-0.0830690099429559,0.978395132241136,-0.724357036057672,0.912411715332892,-0.000586535802282381
7.83594531510504,0.0331388560089397,-0.0834360119605381,0.977939605354945,-0.724795464483956,0.912341985670695,0.00086157163321614
7.83927975991997,0.0326949441242999,-0.0838148284394348,0.977487484234547,-0.72520185038612,0.912307935214663,0.00229853265206309
7.84261420473491,0.0322501851486478,-0.0842054500574636,0.977038811204694,-0.725576083402293,0.912309359105135,0.00372385073129804
7.84594864954985,0.0318047596104618,-0.0846078645661545,0.976593627858137,-0.725918064825693,0.912346040140874,0.00513703401453701
7.84928309436479,0.0313588482528919,-0.0850220567926948,0.976151975068195,-0.726227707651474,0.912417748902286,0.00653759548834032
7.85261753917973,0.0309126319718983,-0.0854480086426484,0.975713893001575,-0.726504936618638,0.912524243879036,0.00792505315662434
7.85595198399466,0.0304662917543863,-0.0858856991034511,0.975279421131407,-0.726749688246993,0.912665271601998,0.00929893021307511
7.8592864288096,0.0300200086163715,-0.0863351042486764,0.97484859825052,-0.726961910869154,0.912840566779484,0.0106587552114728
7.86262087362454,0.0295739635411897,-0.0867961972430716,0.974421462484917,-0.727141564657559,0.913049852437662,0.0120040622338802
7.86595531843948,0.0291283374177788,-0.087268948348359,0.973998051307458,-0.727288621646487,0.91329284006513,0.0133343910566189
7.86928976325442,0.0286833109790534,-0.0877533249298012,0.973578401551725,-0.727403065749073,0.913569229761557,0.0146492873139779
7.87262420806936,0.0282390647403965,-0.0882492914635251,0.973162549426076,-0.727484892769309,0.913878710390314,0.0159483026595831
7.87595865288429,0.0277957789382889,-0.0887568095446027,0.972750530527857,-0.727534110409022,0.914220959735057,0.0172309949253752
7.87929309769923,0.0273536334690999,-0.0892758378958851,0.972342379857778,-0.727550738269824,0.914595644660147,0.0184969282781291
7.88262754251417,0.0269128078280616,-0.0898063323775828,0.971938131834432,-0.727534807850038,0.915002421274871,0.0197456733734542
7.88596198732911,0.0264734810484493,-0.0903482459975923,0.971537820308948,-0.727486362536592,0.915440935101363,0.0209768075072232
7.88929643214405,0.0260358316409884,-0.0909015289225614,0.971141478579771,-0.727405457591887,0.915910821246158,0.0221899147643665
7.89263087695899,0.025600037533513,-0.09146612848969,0.97074913940755,-0.727292160135645,0.916411704575309,0.0233845861649737
7.89596532177392,0.0251662760108942,-0.0920419892192619,0.97036083503013,-0.727146549121738,0.916943199892969,0.0245604198076557
7.89929976658886,0.0247347236552639,-0.0926290528279001,0.969976597177632,-0.726968715310012,0.917504912123381,0.0257170210101006
7.9026342114038,0.0243055562865518,-0.0932272582425446,0.969596457087613,-0.726758761233112,0.918096436496167,0.0268540024467807
7.90596865621874,0.0238789489033603,-0.0938365416151432,0.969220445520292,-0.726516801158326,0.918717358734865,0.0279709842837523
7.90930310103368,0.023455075624195,-0.0944568363380523,0.96884859277383,-0.726242961044463,0.919367255248603,0.0290675943105021
7.91263754584862,0.0230341096290772,-0.0950880730601404,0.968480928699661,-0.725937378493771,0.920045693326839,0.0301434680687817
7.91597199066355,0.0226162231015526,-0.0957301797035891,0.968117482717845,-0.725600202698932,0.92075223133708,0.0311982489783941
7.91930643547849,0.0222015871711224,-0.0963830814813852,0.967758283832451,-0.725231594385145,0.921486418925493,0.0322315884598745
7.92264088029343,0.0217903718561144,-0.0970467009154979,0.967403360646952,-0.72483172574732,0.92224779722031,0.0332431460540237
7.92597532510837,0.0213827460070155,-0.0977209578557334,0.967052741379608,-0.724400780382413,0.923035899037958,0.0342325895382502
7.92930976992331,0.0209788772502852,-0.0984057694992614,0.966706453878844,-0.723938953216931,0.923850249091807,0.0351995950396742
7.93264421473825,0.0205789319326693,-0.0991010504108067,0.966364525638609,-0.723446450429629,0.924690364203454,0.0361438471449555
7.93597865955318,0.0201830750660363,-0.0998067125434961,0.966026983813687,-0.722923489369446,0.925555753516448,0.0370650390067987
7.93931310436812,0.0197914702727509,-0.100522665260359,0.965693855234974,-0.72237029846869,0.926445918712369,0.0379628724471045
7.94264754918306,0.0194042797316095,-0.101248815356466,0.965365166424689,-0.721787117151546,0.927360354229158,0.0388370580567186
7.945981993998,0.019021664124351,-0.101985067081708,0.965040943611524,-0.721174195737896,0.928298547481618,0.0396873152917516
7.94931643881294,0.018643782582766,-0.102731322164198,0.964721212745703,-0.720531795342543,0.929259979083987,0.040513372566428
7.95265088362788,0.0182707926364203,-0.103487479834297,0.964405999513965,-0.71986018776984,0.930244123074473,0.0413149673424306
7.95598532844281,0.0179028501610112,-0.104253436849246,0.964095329354432,-0.719159655403789,0.931250447141688,0.042091846214712
7.95931977325775,0.0175401093273755,-0.105029087518403,0.963789227471372,-0.718430491093661,0.93227841285285,0.0428437649937369
7.96265421807269,0.017182722551164,-0.105814323729082,0.963487718849837,-0.717672998035164,0.933327475883681,0.0435704887841301
7.96598866288763,0.0168308404432041,-0.106609034972964,0.963190828270167,-0.716887489647231,0.934397086249896,0.044271792059697
7.96932310770257,0.0164846117605626,-0.107413108373101,0.962898580322347,-0.716074289444465,0.935486688540184,0.0449474587347943
7.97265755251751,0.0161441833583291,-0.108226428711475,0.962610999420212,-0.715233730905312,0.936595722150583,0.0455972822320231
7.97599199733244,0.0158097001421336,-0.109048878457129,0.962328109815484,-0.714366157335993,0.937723621520162,0.0462210655462215
7.97932644214738,0.0154813050214171,-0.10988033779484,0.962049935611635,-0.713471921730277,0.938869816367889,0.0468186213047322
7.98266088696232,0.0151591388634678,-0.110720684654338,0.961776500777564,-0.712551386625144,0.940033731930618,0.0473897718239278
7.98599533177726,0.0148433404482406,-0.111569794740056,0.961507829161074,-0.711604923952398,0.941214789202061,0.047934349161972
7.9893297765922,0.0145340464239739,-0.112427541561405,0.961243944502143,-0.710632914886295,0.942412405172681,0.0484521951677983
7.99266422140714,0.0142313912636182,-0.113293796463558,0.960984870445991,-0.709635749687249,0.943625993070379,0.0489431615262922
7.99599866622207,0.0139355072220925,-0.11416842865874,0.960730630555898,-0.708613827541697,0.944854962601891,0.0494071097996591
7.99933311103701,0.0136465242943792,-0.115051305258014,0.960481248325814,-0.707567556398164,0.946098720194794,0.0498439114649675
8.00266755585195,0.0133645701744753,-0.115942291303547,0.960236747192696,-0.706497352799621,0.947356669240015,0.0502534479478534
8.00600200066689,0.0130897702152093,-0.116841249801355,0.95999715054862,-0.705403641712197,0.948628210334757,0.0506356106523774
8.00933644548183,0.01282224738894,-0.1177480417545,0.959762481752602,-0.704286856350329,0.949912741525727,0.0509903009870232
8.01267089029677,0.0125621222491469,-0.11866252619676,0.959532764142167,-0.703147437998404,0.951209658552581,0.0513174303868352
8.0160053351117,0.0123095128929274,-0.119584560226722,0.959308021044632,-0.701985835828991,0.952518355091478,0.0516169203316823
8.01933977992664,0.0120645349244088,-0.120513999042325,0.959088275788089,-0.700802506717729,0.953838222998652,0.0518887023606518
8.02267422474158,0.0118273014190915,-0.12145069597581,0.958873551712107,-0.699597915054954,0.955168652553897,0.0521327180825641
8.02600866955652,0.0115979228891291,-0.122394502529093,0.958663872178115,-0.69837253255414,0.956509032703873,0.0523489191826119
8.02934311437146,0.0113765072495613,-0.123345268409537,0.958459260579474,-0.697126838057251,0.957858751305123,0.0525372674251212
8.03267755918639,0.0111631597855048,-0.124302841566107,0.958259740351231,-0.695861317337064,0.95921719536673,0.0526977346524389
8.03601200400133,0.0109579831203163,-0.125267068225917,0.958065334979534,-0.694576462896569,0.960583751292489,0.0528303027799483
8.03934644881627,0.0107610771847363,-0.126237792931133,0.957876068010723,-0.693272773765524,0.961957805122503,0.052934963787219
8.04268089363121,0.010572539187019,-0.127214858576246,0.957691963060055,-0.691950755294247,0.963338742774131,0.0530117197052975
8.04601533844615,0.0103924635840637,-0.128198106445679,0.957513043820105,-0.690610918944739,0.964725950282158,0.0530605826001471
8.04934978326109,0.0102209420535498,-0.129187376251739,0.957339334068781,-0.689253782079234,0.966118814038116,0.0530815745522463
8.05268422807602,0.010058063467087,-0.130182506172894,0.957170857676989,-0.687879867746248,0.967516721028655,0.0530747276323571
8.05601867289096,0.00990391386438752,-0.131183332892354,0.957007638615925,-0.68648970446424,0.968919059072869,0.0530400838734764
8.0593531177059,0.0097585764284665,-0.132189691636965,0.956849700963981,-0.685083826002963,0.970325217058477,0.0529776952389846
8.06268756252084,0.00962213146187796,-0.13320141621639,0.956697068913272,-0.683662771162608,0.97173458517679,0.0528876235870072
8.06602200733578,0.00949465636399338,-0.134218339062561,0.956549766775776,-0.682227083550827,0.973146555156342,0.0527699406310062
8.06935645215072,0.00937622560932668,-0.135240291269418,0.956407818989064,-0.680777311357739,0.97456052049512,0.0526247278966212
8.07269089696566,0.00926691072691423,-0.136267102632889,0.956271250121648,-0.679314007129009,0.975975876691285,0.0524520766747802
8.07602534178059,0.00916678028075147,-0.137298601691118,0.956140084877909,-0.67783772753711,0.977392021472303,0.0522520879711004
8.07935978659553,0.00907589985129356,-0.138334615764934,0.956014348102615,-0.676349033150838,0.978808355022405,0.0520248724516045
8.08269423141047,0.00899433201802298,-0.139374970998536,0.955894064785029,-0.674848488203223,0.980224280208268,0.0517705503847761
8.08602867622541,0.00892213634308815,-0.140419492400393,0.955779260062591,-0.673336660357886,0.981639202802856,0.0514892515799788
8.08936312104035,0.00885936935601673,-0.14146800388434,0.955669959224176,-0.67181412047399,0.983052531707308,0.0511811153222708
8.09269756585529,0.00880608453950579,-0.142520328310868,0.955566187712926,-0.670281442369837,0.984463679170827,0.050846290303638
8.09603201067022,0.00876233231629309,-0.143576287528581,0.955467971128648,-0.66873920258527,0.985872061008433,0.0504849345506824
8.09936645548516,0.00872816003710975,-0.144635702415829,0.955375335229776,-0.667187980142922,0.987277096816555,0.0500972153487916
8.1027009003001,0.00870361196971728,-0.145698392922487,0.955288305934893,-0.665628356308458,0.988678210186342,0.049683309162827
8.10603534511504,0.00868872928902982,-0.146764178111882,0.955206909323816,-0.664060914349903,0.990074828914623,0.0492434015543634
8.10936978992998,0.00868355006832278,-0.147832876202841,0.955131171638229,-0.662486239296139,0.991466385212445,0.0487776870955156
8.11270423474491,0.00868810927152828,-0.148904304611872,0.955061119281876,-0.660904917694708,0.992852315911107,0.0482863692793891
8.11603867955985,0.00870243874661737,-0.149978279995441,0.954996778820302,-0.659317537368993,0.994232062665607,0.0477696604271949
8.11937312437479,0.00872656722006886,-0.151054618292346,0.95493817698014,-0.657724687174912,0.995605072155433,0.0472277815920678
8.12270756918973,0.00876052029242413,-0.152133134766185,0.954885340647954,-0.6561269567572,0.996970796282633,0.0466609624596258
8.12604201400467,0.00880432043492646,-0.153213644047887,0.954838296868617,-0.654524936305406,0.99832869236707,0.0460694412453202
8.12937645881961,0.00885798698724377,-0.154295960178312,0.954797072843244,-0.6529192163097,0.999678223338812,0.0454534645886107
8.13271090363454,0.00892153615627263,-0.155379896650893,0.954761695926662,-0.651310387316595,1.00101885792758,0.0448132874440206
8.13604534844948,0.00899498101602091,-0.156465266454327,0.954732193624429,-0.649699039684694,1.00235007084916,0.0441491729691085
8.13937979326442,0.00907833150856697,-0.157551882115288,0.954708593589391,-0.648085763340568,1.00367134298879,0.0434613924094114
8.14271423807936,0.00917159444609176,-0.158639555741158,0.954690923617787,-0.646471147534846,1.00498216158135,0.0427502249804012
8.1460486828943,0.00927477351398023,-0.159728099062761,0.954679211644898,-0.644855780598679,1.00628202038835,0.0420159577465119
8.14938312770924,0.00938786927498864,-0.160817323477095,0.954673485740232,-0.643240249700603,1.00757041987171,0.0412588854972774
8.15271757252417,0.00951087917447276,-0.161907040090045,0.954673774102266,-0.641625140603982,1.0088468673641,0.0404793106206456
8.15605201733911,0.00964379754667297,-0.162997059759066,0.954680105052725,-0.640011037425085,1.01011087723599,0.039677542973506
8.15938646215405,0.0097866156220506,-0.164087193135832,0.954692507030411,-0.63839852239192,1.0113619710592,0.0388538997494993
8.16272090696899,0.00993932153567011,-0.165177250708829,0.954711008584585,-0.636788175603933,1.01259967776698,0.0380087053441551
8.16605535178393,0.0101019003366215,-0.16626704284589,0.954735638367889,-0.63518057479266,1.01382353381044,0.0371422912174153
8.16938979659887,0.0102743339984767,-0.167356379836658,0.954766425128837,-0.633576295083451,1.01503308331154,0.0362549957536031
8.17272424141381,0.0104566014307732,-0.168445071934967,0.954803397703843,-0.631975908758356,1.01622787821222,0.0353471641188906
8.17605868622874,0.0106486784915176,-0.169532929401125,0.954846585008827,-0.630379985020286,1.01740747841994,0.0344191481163329
8.17939313104368,0.0108505380007025,-0.170619762544102,0.954896016030363,-0.62878908975854,1.01857145194947,0.0334713060385141
8.18272757585862,0.0110621497548286,-0.171705381763592,0.954951719816405,-0.627203785315807,1.01971937506074,0.032504002517884
8.18606202067356,0.011283480542424,-0.172789597591961,0.955013725466576,-0.625624630256733,1.02085083239303,0.0315176083748281
8.1893964654885,0.0115144941605519,-0.17387222073605,0.955082062122024,-0.624052179138175,1.02196541709509,0.0305125004635521
8.19273091030344,0.0117551514322994,-0.174953062118838,0.955156758954863,-0.622486982281204,1.02306273095141,0.0294890615158278
8.19606535511837,0.0120054102252353,-0.176031932920947,0.955237845157186,-0.620929585544995,1.02414238450454,0.0284476799826776
8.19939979993331,0.0122652254708317,-0.177108644621981,0.955325349929669,-0.619380530102673,1.0252039971733,0.0273887498740515
8.20273424474825,0.0125345491848362,-0.178183009041689,0.955419302469753,-0.617840352219218,1.02624719736704,0.0263126705965704
8.20606868956319,0.012813330488585,-0.179254838380936,0.955519731959435,-0.61630958303154,1.02727162259576,0.0252198467894011
8.20940313437813,0.0131015156312491,-0.180323945262491,0.955626667552647,-0.614788748330789,1.02827691957613,0.0241106881583217
8.21273757919306,0.013399048012999,-0.181390142771595,0.955740138362246,-0.613278368347031,1.02926274433336,0.0229856093080595
8.216072024008,0.0137058682090806,-0.182453244496319,0.955860173446613,-0.611778957536335,1.03022876229889,0.0218450295729529
8.21940646882294,0.0140219139947878,-0.183513064567699,0.955986801795866,-0.610291024370419,1.03117464840391,0.0206893728460238
8.22274091363788,0.0143471203713226,-0.184569417699632,0.956120052317702,-0.608815071128891,1.03210008716862,0.0195190674065127
8.22607535845282,0.0146814195925285,-0.18562211922853,0.956259953822869,-0.607351593694218,1.03300477278723,0.018334545745964
8.22940980326776,0.0150247411924875,-0.186670985152721,0.956406535010261,-0.605901081349476,1.03388840920872,0.0171362443929136
8.23274424808269,0.0153770120139653,-0.187715832171584,0.956559824451677,-0.604464016578999,1.03475071021332,0.015924603736268
8.23607869289763,0.0157381562376948,-0.188756477724415,0.956719850576219,-0.603040874871989,1.03559139948461,0.0147000678474311
8.23941313771257,0.0161080954124828,-0.189792740029016,0.956886641654345,-0.601632124529174,1.03641021067738,0.0134630843012603
8.24274758252751,0.0164867484861257,-0.190824438119984,0.957060225781594,-0.600238226472624,1.03720688748111,0.0122141039959249
8.24608202734245,0.0168740318371252,-0.191851391886714,0.957240630861988,-0.598859634058761,1.0379811836791,0.0109535809717263
8.24941647215739,0.0172698593071834,-0.192873422111086,0.957427884591107,-0.597496792894684,1.03873286320324,0.00968197222897402
8.25275091697232,0.01767414223447,-0.193890350504843,0.957622014438862,-0.596150140657863,1.0394617001844,0.00839973754496909
8.25608536178726,0.0180867894876403,-0.194901999746639,0.957823047631958,-0.5948201069193,1.04016747899849,0.00710733929019081
8.2594198066022,0.0185077075005976,-0.195908193518765,0.958031011136077,-0.593507112970199,1.04084999430809,0.00580524224373349
8.26275425141714,0.0189368003079754,-0.196908756543521,0.958245931637766,-0.592211571652269,1.04150905109971,0.00449391340810112
8.26608869623208,0.0193739695813347,-0.197903514619257,0.958467835526059,-0.590933887191678,1.04214446471668,0.00317382182339694
8.26942314104702,0.0198191146660518,-0.198892294656041,0.958696748873826,-0.589674455036778,1.04275606088763,0.00184543838101925
8.27275758586195,0.0202721326188887,-0.19987492471098,0.958932697418876,-0.588433661699629,1.0433436757506,0.00050923563690586
8.27609203067689,0.0207329182462236,-0.200851234023158,0.959175706544808,-0.58721188460143,1.04390715587281,-0.000834312375573758
8.27942647549183,0.021201364142933,-0.201821053048201,0.959425801261626,-0.586009491921882,1.044446358266,-0.00218473033302028
8.28276092030677,0.0216773607319025,-0.202784213492455,0.959683006186135,-0.58482684245258,1.04496115039742,-0.00354154180961568
8.28609536512171,0.0221607963041524,-0.203740548346771,0.95994734552211,-0.583664285454489,1.04545141019653,-0.00490426946486921
8.28942980993665,0.022651557059567,-0.204689891919893,0.960218843040278,-0.582522160519541,1.04591702605724,-0.00627243523143683
8.29276425475158,0.0231495271481992,-0.205632079871434,0.960497522058081,-0.581400797436458,1.04635789683596,-0.00764556050291327
8.29609869956652,0.0236545887121483,-0.206566949244444,0.960783405419284,-0.580300516060803,1.04677393184525,-0.0090231663215556
8.29943314438146,0.0241666219279788,-0.207494338497552,0.961076515473382,-0.579221626189375,1.04716505084315,-0.0104047735658259
8.3027675891964,0.0246855050496784,-0.20841408753669,0.961376874054873,-0.578164427438941,1.04753118401837,-0.0117899031377184
8.30610203401134,0.0252111144521243,-0.209326037746373,0.961684502462357,-0.577129209129403,1.04787227197104,-0.0131780761497594
8.30943647882628,0.0257433246750512,-0.210230032020553,0.961999421437509,-0.576116250171429,1.04818826568938,-0.0145688141116376
8.31277092364121,0.0262820084674947,-0.211125914793012,0.962321651143923,-0.575125818958596,1.04847912652209,-0.0159616391163621
8.31610536845615,0.026827036832702,-0.212013532067322,0.962651211145836,-0.574158173264097,1.04874482614656,-0.0173560740259056
8.31943981327109,0.0273782790734825,-0.212892731446335,0.962988120386753,-0.573213560142052,1.04898534653292,-0.01875164265623
8.32277425808603,0.0279356028379871,-0.213763362161211,0.963332397167974,-0.572292215833469,1.04920067990399,-0.0201478699616379
8.32610870290097,0.0284988741658979,-0.214625275099994,0.963684059127048,-0.571394365676881,1.04939082869113,-0.0215442822183804
8.3294431477159,0.0290679575350041,-0.21547832283569,0.964043123216147,-0.570520224023727,1.04955580548597,-0.0229404072074303
8.33277759253084,0.0296427159081575,-0.216322359653889,0.964409605680397,-0.569669994158473,1.0496956329882,-0.0243357743963757
8.33611203734578,0.0302230107805765,-0.217157241579894,0.964783522036157,-0.56884386822354,1.04981034394929,-0.0257299151203342
8.33944648216072,0.0308087022274907,-0.217982826405361,0.965164887049269,-0.568042027149054,1.04989998111227,-0.0271223627618416
8.34278092697566,0.0313996489521013,-0.218798973714447,0.965553714713281,-0.567264640587449,1.04996459714764,-0.0285126529296243
8.3461153717906,0.031995708333845,-0.219605544909469,0.965950018227681,-0.566511866852958,1.05000425458533,-0.0299003236362068
8.34944981660554,0.0325967364769344,-0.220402403236046,0.966353809976118,-0.565783852866007,1.05001902574288,-0.0312849154742565
8.35278426142047,0.0332025882591686,-0.221189413807753,0.96676510150465,-0.565080734102543,1.05000899264978,-0.0326659717916338
8.35611870623541,0.0338131173809817,-0.221966443630249,0.967183903500022,-0.564402634548315,1.04997424696809,-0.0340430388650377
8.35945315105035,0.0344281764147246,-0.222733361624901,0.967610225767991,-0.56374966665812,1.04991488990936,-0.0354156660722208
8.36278759586529,0.0350476168541494,-0.223490038651889,0.968044077211695,-0.563121931320047,1.04983103214791,-0.0367834060626715
8.36612204068023,0.0356712891640876,-0.224236347532783,0.968485465810113,-0.562519517824715,1.04972279373041,-0.0381458149267209
8.36945648549517,0.0362990428302975,-0.224972163072609,0.968934398596582,-0.561942503839531,1.04959030398205,-0.0395024523629983
8.3727909303101,0.0369307264094647,-0.225697362081371,0.969390881637425,-0.561390955387969,1.04943370140911,-0.0408528818441704
8.37612537512504,0.0375661875793391,-0.226411823395051,0.969854920010688,-0.560864926833884,1.04925313359807,-0.0421966707809092
8.37945981993998,0.038205273188985,-0.227115427896078,0.970326517784983,-0.560364460870868,1.04904875711141,-0.0435333906840094
8.38279426475492,0.0388478293091324,-0.227808058533247,0.970805677998479,-0.559889588516644,1.04882073737998,-0.0448626173246126
8.38612870956986,0.0394937012826036,-0.228489600341112,0.971292402638032,-0.559440329112505,1.04856924859214,-0.0461839308924567
8.3894631543848,0.0401427337748068,-0.229159940458831,0.971786692618479,-0.5590166903278,1.04829447357965,-0.0474969161521094
8.39279759919973,0.0407947708242666,-0.22981896814846,0.972288547762097,-0.558618668169456,1.04799660370039,-0.0488011625971064
8.39613204401467,0.0414496558931835,-0.230466574812711,0.972797966778251,-0.558246246996537,1.04767583871805,-0.0500962646019534
8.39946648882961,0.0421072319180001,-0.231102654012155,0.973314947243244,-0.557899399539836,1.04733238667862,-0.0513818215719229
8.40280093364455,0.0427673413599515,-0.231727101481874,0.973839485580364,-0.557578086926477,1.0469664637841,-0.0526574380905872
8.40613537845949,0.0434298262555946,-0.232339815147557,0.974371577040177,-0.55728225870953,1.04657829426309,-0.0539227240650469
8.40946982327442,0.0440945282672817,-0.232940695141052,0.974911215681024,-0.55701185290262,1.04616811023871,-0.055177294868777
8.41280426808936,0.0447612887335764,-0.233529643815347,0.9754583943498,-0.556766796019509,1.0457361515936,-0.0564207714820586
8.4161387129043,0.0454299487195816,-0.234106565759007,0.976013104662967,-0.556547003118642,1.0452826658323,-0.0576527806299257
8.41947315771924,0.0461003490671723,-0.234671367810044,0.976575336987858,-0.55635237785263,1.04480790794086,-0.0588729549175902
8.42280760253418,0.046772330445107,-0.235223959069228,0.977145080424255,-0.556182812522649,1.04431214024405,-0.0600809329632795
8.42614204734912,0.047445733399007,-0.235764250912843,0.977722322786279,-0.55603818813773,1.04379563225986,-0.0612763595284526
8.42947649216405,0.0481203984011816,-0.236292157004873,0.978307050584571,-0.555918374478923,1.04325866055169,-0.0624588856453286
8.43281093697899,0.0487961659002871,-0.236807593308634,0.978899249008814,-0.555823230168282,1.04270150857813,-0.0636281687417004
8.43614538179393,0.0494728763707961,-0.237310478097835,0.979498901910583,-0.555752602742674,1.04212446654045,-0.0647838727629653
8.43947982660887,0.0501503703622679,-0.237800731967087,0.980105991786533,-0.555706328732345,1.04152783122784,-0.0659256682913489
8.44281427142381,0.0508284885483975,-0.238278277841836,0.980720499761966,-0.555684233744236,1.04091190586053,-0.0670532326622624
8.44614871623875,0.051507071775827,-0.238743040987743,0.981342405574742,-0.555686132549993,1.04027699993086,-0.0681662500777533
8.44948316105368,0.0521859611127099,-0.239194949019495,0.981971687559596,-0.555711829178641,1.03962342904224,-0.0692644117170215
8.45281760586862,0.0528649978970012,-0.239633931909055,0.982608322632832,-0.555761117013879,1.03895151474633,-0.0703474158439386
8.45615205068356,0.0535440237844685,-0.240059921993351,0.983252286277432,-0.555833778895952,1.03826158437828,-0.0714149679115515
8.4594864954985,0.0542228807963969,-0.2404728539814,0.983903552528569,-0.555929587228054,1.03755397089018,-0.0724667806635165
8.46282094031344,0.054901411366986,-0.240872664960872,0.984562093959564,-0.556048304087223,1.03682901268292,-0.0735025742324445
8.46615538512838,0.0555794583904073,-0.24125929440409,0.985227881668263,-0.556189681339665,1.03608705343634,-0.0745220762351006
8.46948982994332,0.0562568652675232,-0.241632684173478,0.985900885263873,-0.556353460760464,1.03532844193787,-0.0755250218644501
8.47282427475825,0.0569334759522373,-0.241992778526443,0.986581072854256,-0.556539374157632,1.03455353190971,-0.0765111539784915
8.47615871957319,0.0576091349974736,-0.2423395241197,0.98726841103369,-0.55674714350043,1.03376268183466,-0.0774802231858678
8.47949316438813,0.0582836876007639,-0.242672870013046,0.98796286487111,-0.556976481051912,1.03295625478059,-0.0784319879282137
8.48282760920307,0.0589569796494266,-0.24299276767257,0.98866439789884,-0.557227089505636,1.03213461822378,-0.0793662145592119
8.48616205401801,0.0596288577653316,-0.243299170973321,0.989372972101826,-0.557498662126474,1.03129814387101,-0.0802826774203378
8.48949649883294,0.0602991693492253,-0.243592036201412,0.990088547907371,-0.557790882895464,1.03044720748068,-0.0811811589132548
8.49283094364788,0.0609677626246159,-0.243871322055586,0.990811084175404,-0.558103426658641,1.02958218868291,-0.0820614495688537
8.49616538846282,0.0616344866811896,-0.244136989648225,0.991540538189253,-0.558435959279779,1.02870347079875,-0.0829233481128912
8.49949983327776,0.062299191517762,-0.244389002505818,0.992276865646982,-0.558788137796978,1.0278114406586,-0.0837666615282285
8.5028342780927,0.0629617280847343,-0.244627326568881,0.993020020653253,-0.559159610583029,1.02690648841984,-0.0845912051136301
8.50616872290764,0.0636219483260552,-0.244851930191342,0.993769955711755,-0.559550017509481,1.02598900738385,-0.0853968025391195
8.50950316772257,0.0642797052206686,-0.245062784139381,0.994526621718186,-0.559958990114346,1.02505939381246,-0.0861832858978637
8.51283761253751,0.0649348528234375,-0.245259861589735,0.995289967953816,-0.560386151773366,1.02411804674386,-0.0869504957545799
8.51617205735245,0.0655872463055289,-0.245443138127472,0.996059942079619,-0.560831117874756,1.02316536780815,-0.0876982811904382
8.51950650216739,0.0662367419942563,-0.24561259174323,0.996836490131002,-0.56129349599737,1.02220176104258,-0.0884264998444626
8.52284094698233,0.0668831974123555,-0.24576820282993,0.997619556513118,-0.56177288609218,1.02122763270643,-0.0891350179514036
8.52617539179727,0.0675264713166937,-0.245909954178965,0.998409083996784,-0.562268880667026,1.02024339109588,-0.0898237103760821
8.5295098366122,0.0681664237363967,-0.246037830975861,0.999205013715012,-0.562781064974523,1.01924944635864,-0.090492460644195
8.53284428142714,0.0688029160103812,-0.246151820795428,1.00000728516015,-0.563309017203059,1.01824621030871,-0.0911411609695689
8.53617872624208,0.0694358108242864,-0.246251913596387,1.00081583618163,-0.563852308670798,1.0172340962411,-0.0917697122778641
8.53951317105702,0.0700649722467914,-0.246338101715491,1.00163060298439,-0.564410504022608,1.01621351874681,-0.0923780242267204
8.54284761587196,0.0706902657653102,-0.246410379861132,1.00245152012786,-0.564983161429812,1.01518489352794,-0.0929660152223427
8.5461820606869,0.0713115583210531,-0.246468745106449,1.00327852052564,-0.565569832792695,1.01414863721318,-0.0935336124325233
8.54951650550183,0.0719287183434497,-0.246513196881929,1.00411153544583,-0.566170063945664,1.01310516717371,-0.0940807517961068
8.55285095031677,0.0725416157839148,-0.246543736967512,1.00495049451194,-0.566783394864977,1.01205490133948,-0.0946073780288886
8.55618539513171,0.0731501221489639,-0.246560369484208,1.00579532570452,-0.56740935987895,1.01099825801614,-0.0951134446259641
8.55951983994665,0.0737541105326524,-0.246563100885213,1.00664595536344,-0.568047487880549,1.00993565570257,-0.0955989138605184
8.56285428476159,0.0743534556483439,-0.246551939946553,1.0075023081908,-0.568697302542277,1.00886751290904,-0.0960637567790732
8.56618872957653,0.0749480338597935,-0.246526897757235,1.00836430725454,-0.569358322533252,1.00779424797626,-0.0965079531931924
8.56952317439146,0.0755377232115403,-0.24648798770893,1.00923187399269,-0.570030061738403,1.00671627889522,-0.0969314916676579
8.5728576192064,0.0761224034586016,-0.246435225485176,1.01010492821834,-0.570712029479658,1.00563402312798,-0.0973343695051252
8.57619206402134,0.0767019560954607,-0.24636862905012,1.01098338812522,-0.571403730739061,1.00454789742948,-0.0977165927272669
8.57952650883628,0.0772762643843452,-0.24628821863679,1.011867170294,-0.572104666383688,1.00345831767041,-0.0980781760524244
8.58286095365122,0.0778452133827847,-0.246194016734915,1.01275618969932,-0.572814333392289,1.00236569866123,-0.0984191428697743
8.58619539846616,0.0784086899704469,-0.246086048078282,1.01365035971736,-0.573532225083549,1.00127045397746,-0.0987395252100309
8.58952984328109,0.0789665828752419,-0.245964339631655,1.01454959213426,-0.574257831345855,1.00017299578623,-0.0990393637126989
8.59286428809603,0.0795187826986933,-0.245828920577235,1.01545379715512,-0.5749906388685,0.999073734674198,-0.0993187075898965
8.59619873291097,0.080065181940567,-0.245679822300699,1.01636288341372,-0.575730131374182,0.997973079476961,-0.0995776145867668
8.59953317772591,0.0806056750227574,-0.245517078376786,1.01727675798293,-0.576475789852741,0.996871437109906,-0.0998161509385023
8.60286762254085,0.081140158312423,-0.245340724554466,1.01819532638583,-0.577227092795995,0.995769212400687,-0.100034391324002
8.60620206735578,0.0816685301443675,-0.24515079874168,1.01911849260743,-0.57798351643359,0.994666807923347,-0.100232418816183
8.60953651217072,0.0821906908426677,-0.244947340989665,1.02004615910724,-0.578744534969766,0.993564623834136,-0.100410324828984
8.61287095698566,0.0827065427415347,-0.244730393476856,1.02097822683236,-0.579509620820922,0.99246305770912,-0.100568209061064
8.6162054018006,0.0832159902054166,-0.244500000492394,1.02191459523135,-0.580278244853886,0.991362504383638,-0.100706179436254
8.61953984661554,0.0837189396483305,-0.24425620841922,1.02285516226878,-0.581049876624782,0.990263355793665,-0.100824352040764
8.62287429143048,0.0842152995524279,-0.243999065716774,1.02379982444046,-0.5818239846184,0.989166000819142,-0.100922851057192
8.62620873624541,0.0847049804857844,-0.24372862290331,1.02474847678933,-0.582600036487938,0.988070825129351,-0.101001808695361
8.62954318106035,0.0851878951194218,-0.243444932537814,1.02570101292205,-0.583377499295057,0.986978211030374,-0.10106136512002
8.63287762587529,0.0856639582435475,-0.243148049201547,1.02665732502626,-0.58415583975009,0.985888537314718,-0.101101668375436
8.63621207069023,0.0861330867830233,-0.242838029479218,1.02761730388856,-0.584934524452349,0.984802179113141,-0.101122874306922
8.63954651550517,0.0865951998120532,-0.242514931939781,1.02858083891308,-0.585713020130399,0.983719507748755,-0.101125146479336
8.64288096032011,0.0870502185680917,-0.242178817116872,1.0295478181408,-0.58649079388219,0.982640890593462,-0.101108656092576
8.64621540513505,0.0874980664649771,-0.241829747488891,1.03051812826948,-0.587267313414973,0.981566690926756,-0.101073581894135
8.64954984994998,0.0879386691052806,-0.24146778745873,1.03149165467429,-0.588042047284857,0.980497267796978,-0.101020110088726
8.65288429476492,0.0883719542918806,-0.24109300333316,1.03246828142908,-0.588814465135932,0.979432975885045,-0.100948434245046
8.65621873957986,0.0887978520387541,-0.240705463301877,1.03344789132829,-0.589584037938842,0.978374165370735,-0.100858755199703
8.6595531843948,0.089216294580995,-0.240305237416211,1.03443036590954,-0.590350238228703,0.977321181801539,-0.100751280958358
8.66288762920974,0.0896272163840501,-0.239892397567521,1.03541558547683,-0.59111254034227,0.976274365964179,-0.100626226594122
8.66622207402468,0.0900305541521853,-0.239467017465255,1.03640342912439,-0.591870420654242,0.975234053758787,-0.10048381414326
8.66955651883961,0.0904262468361708,-0.239029172614707,1.0373937747612,-0.59262335781261,0.974200576075836,-0.100324272498245
8.67289096365455,0.0908142356402018,-0.23857894029446,1.03838649913604,-0.593370832972935,0.973174258675833,-0.100147837298199
8.67622540846949,0.0911944640280421,-0.238116399533531,1.03938147786323,-0.594112330031473,0.972155422071847,-0.0999547508167999
8.67955985328443,0.0915668777284056,-0.237641631088219,1.04037858544901,-0.594847335857023,0.971144381414886,-0.0997452618476642
8.68289429809937,0.0919314247395691,-0.237154717418665,1.04137769531842,-0.595575340521412,0.970141446382189,-0.0995196255872901
8.6862287429143,0.0922880553332251,-0.236655742665133,1.04237867984286,-0.596295837528515,0.969146921068453,-0.0992781035155933
8.68956318772924,0.0926367220575762,-0.236144792624005,1.04338141036822,-0.59700832404171,0.968161103880045,-0.0990209632740938
8.69289763254418,0.0929773797396724,-0.235621954723525,1.04438575724355,-0.597712301109665,0.967184287432232,-0.098748478541809
8.69623207735912,0.0933099854870007,-0.235087317999255,1.0453915898504,-0.598407273890368,0.966216758449458,-0.0984609289089024
8.69956652217406,0.0936344986883226,-0.234540973069303,1.04639877663258,-0.599092751873287,0.965258797668712,-0.0981585997481493
8.702900966989,0.0939508810137737,-0.233983012109278,1.0474071851266,-0.59976824909959,0.964310679746014,-0.0978417820842683
8.70623541180393,0.0942590964142209,-0.233413528827015,1.04841668199259,-0.600433284380299,0.963372673166042,-0.0975107724611825
8.70956985661887,0.0945591111198889,-0.232832618437056,1.04942713304576,-0.601087381512308,0.962445040154952,-0.0971658728072615
8.71290430143381,0.0948508936382564,-0.232240377634913,1.05043840328842,-0.601730069492158,0.961528036596386,-0.096807390298608
8.71623874624875,0.0951344147512306,-0.231636904571088,1.05145035694245,-0.602360882727478,0.960621911950723,-0.0964356372204423
8.71957319106369,0.0954096475116033,-0.231022298824899,1.05246285748238,-0.60297936124601,0.959726909177582,-0.0960509308266503
8.72290763587863,0.0956765672387949,-0.230396661378079,1.05347576766879,-0.603585050902113,0.958843264661607,-0.0956535931975507
8.72624208069356,0.0959351515138947,-0.22976009458818,1.05448894958242,-0.604177503580665,0.957971208141551,-0.0952439510959433
8.7295765255085,0.0961853801739989,-0.229112702161778,1.05550226465851,-0.604756277398278,0.95711096264268,-0.0948223358215035
8.73291097032344,0.0964272353058584,-0.22845458912749,1.05651557372183,-0.605320936901731,0.956262744412516,-0.0943890830635782
8.73624541513838,0.0966607012388383,-0.227785861808805,1.05752873702195,-0.605871053263539,0.955426762859945,-0.0939445327524542
8.73957985995332,0.0968857645371999,-0.227106627796744,1.0585416142691,-0.606406204474574,0.954603220497685,-0.0934890289091548
8.74291430476826,0.097102413991709,-0.226416995922344,1.05955406467036,-0.606925975533657,0.953792312888148,-0.0930229194938339
8.7462487495832,0.0973106406105808,-0.225717076228981,1.06056594696632,-0.607429958634026,0.952994228592696,-0.0925465562528279
8.74958319439813,0.0975104376097665,-0.225006979944543,1.06157711946809,-0.607917753346627,0.952209149124311,-0.0920602945644338
8.75291763921307,0.0977018004025919,-0.224286819453446,1.06258744009473,-0.608388966800114,0.951437248903681,-0.0915644932834741
8.75625208402801,0.0978847265887529,-0.223556708268511,1.06359676641101,-0.608843213857505,0.950678695218708,-0.0910595145847203
8.75958652884295,0.0980592159426791,-0.222816761002702,1.0646049556656,-0.609280117289419,0.949933648187454,-0.0905457238052328
8.76292097365789,0.098225270401272,-0.222067093340741,1.06561186482951,-0.609699307943791,0.949202260724527,-0.0900234892856923
8.76625541847282,0.0983828940510265,-0.221307822010599,1.06661735063492,-0.610100424912035,0.948484678510895,-0.0894931822107821
8.76958986328776,0.0985320931145452,-0.220539064754862,1.06762126961434,-0.610483115691539,0.947781039967154,-0.0889551764486917
8.7729243081027,0.0986728759364535,-0.219760940302005,1.06862347814,-0.61084703634446,0.947091476230233,-0.0884098483898097
8.77625875291764,0.098805252968726,-0.218973568337547,1.06962383246361,-0.611191851652722,0.946416111133534,-0.0878575767846683
8.77959319773258,0.09892923675543,-0.218177069475128,1.07062218875632,-0.611517235269167,0.945755061190521,-0.0872987425812154
8.78292764254752,0.099044841916901,-0.217371565227477,1.07161840314898,-0.61182286986479,0.945108435581729,-0.0867337287614726
8.78626208736245,0.0991520851333542,-0.216557177977317,1.07261233177266,-0.612108447271992,0.944476336145208,-0.0861629201776549
8.78959653217739,0.0992509851279447,-0.215734030948184,1.0736038307993,-0.612373668623789,0.943858857370382,-0.0855867033878146
8.79293097699233,0.0993415626492857,-0.214902248175181,1.0745927564827,-0.612618244488923,0.943256086395317,-0.0850054664910821
8.79626542180727,0.0994238404534351,-0.214061954475671,1.07557896519963,-0.612841895002811,0.942668103007389,-0.0844195989625668
8.79959986662221,0.0994978432853588,-0.213213275419908,1.0765623134911,-0.613044349994281,0.942094979647343,-0.0838294914879914
8.80293431143714,0.0995635978598823,-0.212356337301633,1.07754265810386,-0.613225349108031,0.941536781416718,-0.0832355357981256
8.80626875625208,0.0996211328421427,-0.211491267108612,1.07851985603199,-0.613384641922773,0.940993566088634,-0.0826381245030833
8.80960320106702,0.0996704788275466,-0.210618192493154,1.07949376455867,-0.613521988064999,0.94046538412192,-0.0820376509265626
8.81293764588196,0.0997116683212499,-0.209737241742586,1.08046424129801,-0.61363715731833,0.93995227867857,-0.0814345089400815
8.8162720906969,0.0997447357171665,-0.20884854374972,1.08143114423702,-0.613729929728386,0.939454285644495,-0.0808290927972938
8.81960653551184,0.0997697172765189,-0.207952227983287,1.08239433177767,-0.613800095703155,0.938971433653562,-0.0802217969684361
8.82294098032678,0.0997866511059399,-0.207048424458386,1.08335366277894,-0.613847456108796,0.938503744114901,-0.07961301597499
8.82627542514171,0.0997955771351372,-0.206137263706901,1.08430899659903,-0.613871822360853,0.938051231243438,-0.0790031442246137
8.82960986995665,0.0997965370941326,-0.205218876747954,1.08526019313751,-0.613873016510823,0.937613902093647,-0.0783925758464202
8.83294431477159,0.0997895744900854,-0.204293395058334,1.08620711287752,-0.61385087132806,0.937191756596491,-0.0777817045266597
8.83627875958653,0.0997747345837122,-0.203360950542978,1.08714961692798,-0.613805230376972,0.936784787599512,-0.0771709233448846
8.83961320440147,0.099752064365315,-0.202421675505445,1.08808756706574,-0.613735948089464,0.936392980910058,-0.0765606246106507
8.84294764921641,0.0997216125304271,-0.201475702618435,1.08902082577775,-0.613642889832632,0.936016315341608,-0.0759511997008317
8.84628209403134,0.0996834294550903,-0.200523164894348,1.08994925630311,-0.613525931971638,0.935654762763161,-0.0753430388976079
8.84961653884628,0.0996375671707728,-0.199564195655869,1.0908727226751,-0.613384961927769,0.935308288151657,-0.0747365312271917
8.85295098366122,0.0995840793389414,-0.198598928506617,1.0917910897631,-0.613219878231645,0.934976849647409,-0.0741320642993633
8.85628542847616,0.0995230212252983,-0.197627497301838,1.0927042233144,-0.613030590571551,0.934660398612482,-0.0735300241478714
8.8596198732911,0.099454449673694,-0.196650036119169,1.09361198999591,-0.612817019836883,0.934358879692015,-0.072930795071773
8.86295431810604,0.0993784230797285,-0.195666679229456,1.09451425743568,-0.612579098156672,0.934072230878424,-0.0723347594777643
8.86628876292097,0.0992950013640526,-0.194677561067662,1.09541089426433,-0.612316768933198,0.933800383578456,-0.0717422977235808
8.86962320773591,0.0992042459453798,-0.193682816203836,1.09630177015621,-0.612029986870645,0.933543262683054,-0.0711537879625121
8.87295765255085,0.0991062197132227,-0.19268257931418,1.09718675587051,-0.611718717998822,0.93330078663999,-0.0705696059891091
8.87629209736579,0.0990009870003631,-0.191676985152206,1.09806572329198,-0.61138293969191,0.933072867529224,-0.0699901250861355
8.87962654218073,0.098888613555069,-0.190666168519986,1.09893854547156,-0.611022640682248,0.932859411140942,-0.0694157158728265
8.88296098699566,0.0987691665130706,-0.189650264239506,1.09980509666673,-0.610637821069144,0.932660317056236,-0.0688467461545186
8.8862954318106,0.0986427143693053,-0.188629407124135,1.10066525238153,-0.610228492322707,0.93247547873037,-0.0682835807737035
8.88962987662554,0.0985093269494458,-0.187603731950203,1.10151888940642,-0.609794677282706,0.932304783578592,-0.0677265814625733
8.89296432144048,0.0983690753812204,-0.1865733734287,1.10236588585773,-0.609336410152449,0.932148113064445,-0.0671761066971055
8.89629876625542,0.0982220320655396,-0.185538466177107,1.10320612121686,-0.608853736487698,0.932005342790516,-0.0666325115527558
8.89963321107036,0.0980682706474388,-0.184499144691354,1.10403947636911,-0.608346713180608,0.931876342591592,-0.0660961475618058
8.90296765588529,0.0979078659868504,-0.183455543317921,1.10486583364221,-0.607815408438713,0.931760976630161,-0.0655673625724287
8.90630210070023,0.0977408941292148,-0.182407796226079,1.10568507684444,-0.607259901758965,0.931659103494197,-0.0650465006095247
8.90963654551517,0.0975674322759447,-0.181356037380281,1.10649709130236,-0.606680283896831,0.931570576297202,-0.0645339017373804
8.91297099033011,0.0973875587547512,-0.18030040051271,1.10730176389821,-0.606076656830479,0.931495242780423,-0.0640299019242069
8.91630543514505,0.0972013529898462,-0.179241019095988,1.1080989831068,-0.605449133720045,0.931432945417209,-0.0635348329086105
8.91963987995999,0.0970088954720289,-0.178178026316047,1.10888863903204,-0.604797838862027,0.931383521519447,-0.0630490220680426
8.92297432477493,0.0968102677286724,-0.177111555045173,1.10967062344296,-0.6041229076388,0.931346803346015,-0.0625727922892867
8.92630876958986,0.0966055522936174,-0.176041737815233,1.11044482980934,-0.603424486463304,0.931322618213208,-0.0621064618410282
8.9296432144048,0.0963948326769868,-0.174968706791075,1.11121115333679,-0.602702732718896,0.931310788607065,-0.0616503442485547
8.93297765921974,0.0961781933349316,-0.173892593744119,1.11196949100137,-0.601957814694426,0.931311132297547,-0.0612047481706399
8.93631210403468,0.0959557196393196,-0.172813530026144,1.11271974158366,-0.601189911514546,0.931323462454512,-0.0607699772786538
8.93964654884962,0.0957274978473766,-0.171731646543267,1.11346180570237,-0.600399213065281,0.931347587765415,-0.0603463301379466
8.94298099366456,0.0954936150712941,-0.170647073730128,1.1141955858473,-0.599585919914918,0.931383312554676,-0.0599341000915527
8.94631543847949,0.0952541592478105,-0.169559941524287,1.11492098641185,-0.598750243230219,0.931430436904668,-0.0595335751462569
8.94964988329443,0.0950092191077793,-0.168470379340821,1.11563791372488,-0.597892404688016,0.931488756778248,-0.0591450378610666
8.95298432810937,0.0947588841457345,-0.167378516047159,1.116346276082,-0.597012636382222,0.93155806414277,-0.0587687652381336
8.95631877292431,0.0945032445894632,-0.166284479938117,1.11704598377628,-0.59611118072629,0.931638147095536,-0.0584050286161616
8.95965321773925,0.0942423913695954,-0.165188398711182,1.11773694912829,-0.595188290351179,0.931728789990593,-0.058054093566346
8.96298766255418,0.0939764160892246,-0.164090399442012,1.11841908651555,-0.594244227998864,0.931829773566841,-0.0577162197908788
8.96632210736912,0.0937054109935643,-0.162990608560184,1.11909231240131,-0.59327926641143,0.931940875077366,-0.0573916610240591
8.96965655218406,0.0934294689396549,-0.161889151825177,1.11975654536267,-0.592293688215815,0.932061868419949,-0.0570806649360451
8.972990996999,0.0931486833661293,-0.160786154302604,1.12041170611801,-0.591287785804237,0.932192524268681,-0.0567834730392814
8.97632544181394,0.0928631482630479,-0.159681740340702,1.1210577175538,-0.590261861210375,0.932332610206613,-0.0565003205976398
8.97965988662888,0.0925729581418106,-0.15857603354706,1.12169450475059,-0.589216225981335,0.93248189085939,-0.0562314365383001
8.98299433144381,0.0922782080051596,-0.157469156765629,1.12232199500836,-0.588151201045488,0.932640128029787,-0.0559770433664089
8.98632877625875,0.0919789933172778,-0.156361232053975,1.12294011787117,-0.587067116576203,0.932807080833097,-0.0557373570825434
8.98966322107369,0.0916754099739965,-0.15525238066082,1.12354880515097,-0.585964311851569,0.932982505833293,-0.0555125871030102
8.99299766588863,0.0913675542731181,-0.15414272300384,1.12414799095075,-0.584843135110142,0.933166157179905,-0.0553029361830071
8.99633211070357,0.0910555228848671,-0.153032378647755,1.12473761168685,-0.5837039434028,0.93335778674554,-0.0551086003426766
8.99966655551851,0.0907394128224723,-0.151921466282684,1.1253176061106,-0.582547102440751,0.93355714426399,-0.0549297687960729
9.00300100033344,0.0904193214128957,-0.150810103702796,1.12588791532901,-0.581372986439778,0.933763977468843,-0.0547666238830703
9.00633544514838,0.090095346267714,-0.149698407785254,1.12644848282482,-0.580181977960783,0.933978032232552,-0.0546193410042361
9.00966988996332,0.089767585254158,-0.14858649446944,1.12699925447565,-0.578974467746697,0.934199052705873,-0.0544880885586858
9.01300433477826,0.0894361364663257,-0.147474478736487,1.12754017857233,-0.577750854555835,0.93442678145763,-0.0543730278849468
9.0163387795932,0.0891010981965688,-0.146362474589105,1.12807120583645,-0.576511544991754,0.934660959614721,-0.0542743132048448
9.01967322440814,0.0887625689070689,-0.145250595031723,1.12859228943704,-0.575256953329717,0.934901327002298,-0.0541920915704358
9.02300766922307,0.0884206472016047,-0.14413895205092,1.12910338500635,-0.573987501339799,0.935147622284081,-0.054126502813995
9.02634211403801,0.0880754317975229,-0.143027656596196,1.12960445065487,-0.572703618106757,0.935399583102699,-0.0540776795010837
9.02967655885295,0.0877270214979159,-0.141916818561025,1.13009544698543,-0.571405739846701,0.935656946220033,-0.0540457468867039
9.03301100366789,0.0873755151640192,-0.140806546764261,1.13057633710638,-0.570094309720679,0.935919447657456,-0.0540308228745552
9.03634544848283,0.0870210116878293,-0.139696948931837,1.13104708664395,-0.568769777645237,0.936186822835947,-0.0540330179794068
9.03967989329777,0.0866636099649556,-0.138588131678812,1.13150766375371,-0.567432600100047,0.936458806715968,-0.0540524352925905
9.0430143381127,0.0863034088677099,-0.137480200491735,1.1319580391311,-0.566083239932688,0.936735133937079,-0.0540891704506308
9.04634878292764,0.0859405072184385,-0.136373259711343,1.13239818602105,-0.564722166160648,0.937015538957195,-0.0541433116070119
9.04968322774258,0.0855750037631086,-0.135267412515602,1.13282808022674,-0.563349853770667,0.937299756191447,-0.0542149394070924
9.05301767255752,0.0852069971451509,-0.134162760903072,1.13324770011736,-0.561966783515467,0.937587520150555,-0.0543041269661728
9.05635211737246,0.0848365858795673,-0.133059405676633,1.13365702663501,-0.560573441708003,0.937878565578679,-0.0544109398507168
9.0596865621874,0.0844638683273073,-0.131957446427533,1.13405604330062,-0.559170320013276,0.938172627590659,-0.0545354360627313
9.06302100700233,0.0840889426699235,-0.130856981519808,1.13444473621899,-0.557757915237846,0.938469441808594,-0.0546776660273042
9.06635545181727,0.0837119068845046,-0.129758108075028,1.1348230940828,-0.556336729117101,0.938768744497697,-0.0548376725833019
9.06968989663221,0.083332858718901,-0.128660921957415,1.13519110817576,-0.554907268100396,0.939070272701362,-0.0550154909772212
9.07302434144715,0.0829518956672377,-0.127565517759307,1.13554877237474,-0.553470043134144,0.939373764375374,-0.0552111488601982
9.07635878626209,0.0825691149457304,-0.12647198878698,1.13589608315103,-0.552025569442961,0.939678958521221,-0.0554246662881639
9.07969323107702,0.0821846134688002,-0.125380427046833,1.13623303957051,-0.550574366308955,0.939985595318427,-0.0556560557251454
9.08302767589196,0.081798487825499,-0.12429092323194,1.13655964329299,-0.54911695684926,0.94029341625585,-0.0559053220497042
9.0863621207069,0.081410834256246,-0.12320356670896,1.13687589857052,-0.547653867791906,0.940602164261903,-0.0561724625645034
9.08969656552184,0.0810217486298808,-0.122118445505413,1.13718181224473,-0.54618562925013,0.940911583833612,-0.0564574670089947
9.09303101033678,0.0806313264210387,-0.121035646297342,1.13747739374321,-0.544712774495221,0.941221421164478,-0.0567603175752138
9.09636545515172,0.0802396626878496,-0.119955254397324,1.13776265507496,-0.543235839727991,0.941531424271073,-0.0570809889266748
9.09969989996666,0.0798468520499684,-0.118877353742875,1.1380376108248,-0.541755363848997,0.94184134311831,-0.0574194482203461
9.10303434478159,0.0794529886669346,-0.117802026885219,1.13830227814685,-0.540271888227577,0.942150929743345,-0.0577756551316978
9.10636878959653,0.0790581662168722,-0.11672935497844,1.13855667675703,-0.538785956469833,0.942459938378045,-0.0581495618828009
9.10970323441147,0.0786624778755257,-0.11565941776901,1.1388008289246,-0.537298114185642,0.94276812556997,-0.058541113273465
9.11303767922641,0.0782660162956417,-0.114592293585705,1.13903475946272,-0.535808908754809,0.943075250301817,-0.0589502467153918
9.11637212404135,0.0778688735866941,-0.113528059329897,1.13925849571801,-0.534318889092447,0.943381074109279,-0.0593768922693319
9.11970656885629,0.0774711412949596,-0.112466790466239,1.13947206755921,-0.532828605413711,0.943685361197248,-0.0598209726852153
9.12304101367122,0.0770729103839422,-0.111408561013722,1.13967550736479,-0.531338608997956,0.943987878554345,-0.0602824034452419
9.12637545848616,0.0766742712151539,-0.110353443537138,1.13986885000969,-0.529849451952457,0.944288396065688,-0.0607610928099036
9.1297099033011,0.0762753135292494,-0.10930150913892,1.14005213285099,-0.52836168697576,0.944586686623875,-0.0612569418669156
9.13304434811604,0.0758761264275185,-0.108252827451373,1.14022539571275,-0.526875867120794,0.944882526238138,-0.0617698445830339
9.13637879293098,0.0754767983537402,-0.107207466629305,1.14038868086974,-0.525392545557825,0.945175694141587,-0.0622996878587265
9.13971323774592,0.0750774170763953,-0.106165493343038,1.14054203303037,-0.523912275337369,0.945465972896543,-0.0628463515856774
9.14304768256085,0.0746780696712453,-0.105126972771824,1.14068549931858,-0.522435609153169,0.945753148497884,-0.0634097087070891
9.14638212737579,0.0742788425042726,-0.104091968597649,1.1408191292548,-0.520963099105316,0.946037010474366,-0.0639896252807573
9.14971657219073,0.0738798212149884,-0.103060542999438,1.14094297473602,-0.519495296463646,0.946317351987883,-0.0645859605448849
9.15305101700567,0.0734810907001056,-0.102032756647648,1.14105709001488,-0.518032751431499,0.946593969930623,-0.0651985669866038
9.15638546182061,0.0730827350975805,-0.101008668699269,1.14116153167784,-0.516576012909944,0.946866665020069,-0.0658272904131697
9.15971990663554,0.0726848377710208,-0.0999883367932112,1.14125635862243,-0.515125628262571,0.947135241891816,-0.0664719700258004
9.16305435145048,0.0722874812944631,-0.0989718170461013,1.14134163203365,-0.513682143080957,0.947399509190168,-0.0671324384961153
9.16638879626542,0.07189074743752,-0.0979591640484705,1.14141741535937,-0.51224610095091,0.947659279656458,-0.0678085220451452
9.16972324108036,0.0714947171508934,-0.0969504308613416,1.14148377428487,-0.51081804321957,0.94791437021508,-0.0685000405248742
9.1730576858953,0.0710994705522611,-0.0959456690132233,1.14154077670652,-0.509398508763507,0.948164602057177,-0.06920680750227
9.17639213071024,0.0707050869125264,-0.0949449284974914,1.14158849270456,-0.507988033757871,0.948409800721968,-0.0699286303457762
9.17972657552517,0.0703116446424429,-0.0939482577701841,1.14162699451498,-0.506587151446735,0.948649796175666,-0.0706653103142068
9.18306102034011,0.0699192212796003,-0.0929557037481832,1.14165635650056,-0.505196391914696,0.948884422887961,-0.071416642648024
9.18639546515505,0.0695278934757839,-0.0919673118078086,1.14167665512107,-0.50381628185986,0.949113519906044,-0.0721824166629364
9.18972990996999,0.0691377369846954,-0.090983125783801,1.14168796890259,-0.502447344368288,0.949336930926133,-0.0729624158457914
9.19306435478493,0.0687488266500431,-0.0900031879687124,1.14169037840606,-0.501090098690015,0.949554504362478,-0.0737564179527053
9.19639879959987,0.0683612363939937,-0.0890275391126899,1.14168396619491,-0.499745060016726,0.949766093413816,-0.0745641951093968
9.19973324441481,0.0679750392059901,-0.0880562184236657,1.14166881680196,-0.498412739261203,0.949971556127251,-0.0753855139136665
9.20306768922974,0.0675903071319279,-0.0870892635679357,1.1416450166955,-0.497093642838613,0.950170755459538,-0.0762201355399908
9.20640213404468,0.0672071112636946,-0.0861267106711448,1.14161265424454,-0.495788272449748,0.950363559335739,-0.0770678158461698
9.20973657885962,0.0668255217290676,-0.0851685943196678,1.14157181968337,-0.494497124866321,0.950549840705243,-0.0779283054819841
9.21307102367456,0.0664456076819655,-0.0842149475623805,1.14152260507525,-0.493220691718369,0.950729477595111,-0.0788013499998228
9.2164054684895,0.0660674372930601,-0.0832658019128378,1.14146510427542,-0.491959459283914,0.950902353160746,-0.0796866899672136
9.21973991330444,0.0656910777407349,-0.0823211873518352,1.14139941289338,-0.490713908280908,0.951068355733856,-0.0805840610812254
9.22307435811937,0.0653165952023991,-0.0813811323303738,1.14132562825438,-0.489484513661607,0.951227378867701,-0.0814931942846752
9.22640880293431,0.0649440548461466,-0.0804456637730118,1.14124384936025,-0.488271744409429,0.951379321379601,-0.0824138158841012
9.22974324774925,0.064573520822764,-0.079514807081614,1.14115417684954,-0.487076063338396,0.951524087390701,-0.0833456476694376
9.23307769256419,0.0642050562580773,-0.0785885861394838,1.14105671295695,-0.485897926895235,0.951661586362974,-0.0842884070353541
9.23641213737913,0.0638387232456445,-0.0776670233158947,1.14095156147208,-0.484737784964246,0.951791733133443,-0.0852418071041852
9.23974658219406,0.063474582839781,-0.0767501394710001,1.14083882769762,-0.483596080674987,0.951914447945635,-0.0862055568504205
9.243081027009,0.0631126950489225,-0.075837953961136,1.14071861840676,-0.482473250212888,0.952029656478228,-0.087179361226679
9.24641547182394,0.0627531188293203,-0.074930484644509,1.1405910418001,-0.48136972263287,0.952137289870908,-0.0881629212911228
9.24974991663888,0.0623959120790622,-0.0740277478872611,1.1404562074619,-0.480285919676021,0.952237284747416,-0.089155934336261
9.25308436145382,0.0620411316324218,-0.0731297585699251,1.14031422631578,-0.47922225558945,0.952329583235787,-0.0901580940190706
9.25641880626876,0.0616888332545281,-0.0722365300942522,1.14016521057979,-0.478179136949364,0.952414132985772,-0.0911690904923954
9.25975325108369,0.0613390716363548,-0.0713480743904237,1.14000927372097,-0.477156962487456,0.952490887183442,-0.092188610537552
9.26308769589863,0.0609919003900228,-0.0704644019246329,1.1398465304094,-0.476156122920675,0.952559804562979,-0.0932163376981002
9.26642214071357,0.0606473720444176,-0.0695855217070476,1.13967709647164,-0.475177000784461,0.952620849415645,-0.0942519524147001
9.26975658552851,0.0603055380411097,-0.0687114413001366,1.13950108884377,-0.474219970269487,0.952673991595941,-0.0952951321610227
9.27309103034345,0.0599664487305837,-0.0678421668273734,1.1393186255239,-0.473285397062018,0.952719206524942,-0.0963455515806315
9.27642547515839,0.0596301533687644,-0.0669777029823025,1.13912982552417,-0.472373638187924,0.952756475190833,-0.0974028826247934
9.27975991997332,0.0592967001138399,-0.0661180530379713,1.13893480882242,-0.471485041860422,0.952785784146641,-0.0984667946911518
9.28309436478826,0.0589661360233773,-0.0652632188567255,1.13873369631333,-0.470619947331616,0.952807125505165,-0.0995369547632056
9.2864288096032,0.0586385070517255,-0.0644132009003627,1.13852660975919,-0.469778684747896,0.952820496931121,-0.100613027550533
9.28976325441814,0.058313858047703,-0.0635679982406464,1.13831367174028,-0.468961575009252,0.952825901630508,-0.101694675629701
9.29309769923308,0.0579922327525641,-0.062727608570169,1.13809500560487,-0.468168929632567,0.952823348337204,-0.102781559585802
9.29643214404802,0.0576736737982419,-0.0618920282135725,1.13787073541892,-0.467401050618951,0.952812851296805,-0.103873338154555
9.29976658886295,0.0573582227058603,-0.0610612521391125,1.13764098591535,-0.466658230325161,0.952794430247725,-0.104969668364914
9.30310103367789,0.0570459198845149,-0.0602352739705716,1.13740588244312,-0.46594075133917,0.95276811039956,-0.106070205682123
9.30643547849283,0.0567368046303142,-0.0594140859995135,1.13716555091594,-0.465248886359931,0.952733922408741,-0.107174604151153
9.30976992330777,0.0564309151256799,-0.0585976791978777,1.13692011776071,-0.464582898081399,0.952691902351497,-0.108282516540465
9.31310436812271,0.056128288438899,-0.0577860432309087,1.13666970986576,-0.463943039080838,0.952642091694126,-0.109393594486044
9.31643881293765,0.0558289605239263,-0.0569791664704209,1.13641445452886,-0.463329551711482,0.952584537260619,-0.110507488635624
9.31977325775258,0.0555329662204282,-0.0561770360083896,1.13615447940495,-0.46274266799958,0.952519291197638,-0.111623848793071
9.32310770256752,0.0552403392540683,-0.0553796376708696,1.1358899124538,-0.462182609545871,0.952446410936882,-0.112742324062841
9.32644214738246,0.0549511122370268,-0.0545869560322385,1.13562088188736,-0.461649587431541,0.952365959154851,-0.113862562994464
9.3297765921974,0.0546653166687489,-0.0537989744297536,1.13534751611715,-0.461143802128681,0.95227800373005,-0.114984213726989
9.33311103701234,0.0543829829369199,-0.0530156749784284,1.13506994370135,-0.460665443415295,0.952182617697638,-0.116106924133335
9.33644548182728,0.0541041403186594,-0.0522370385862185,1.13478829329189,-0.460214690294901,0.952079879201565,-0.117230341964488
9.33977992664221,0.0538288169819326,-0.0514630449695146,1.1345026935815,-0.459791710920735,0.951969871444211,-0.11835411499347
9.34311437145715,0.0535570399871704,-0.0506936726689382,1.13421327325053,-0.45939666252461,0.951852682633571,-0.11947789115905
9.34644881627209,0.0532888352890986,-0.0499288990654405,1.13392016091397,-0.459029691350455,0.951728405927998,-0.120601318709097
9.34978326108703,0.0530242277387646,-0.0491687003966893,1.13362348506825,-0.458690932592543,0.951597139378547,-0.121724046343567
9.35311770590197,0.0527632410857651,-0.0484130517737552,1.1333233740382,-0.458380510338463,0.951458985868947,-0.122845723357009
9.35645215071691,0.052505897980661,-0.0476619271980773,1.13301995592394,-0.458098537516831,0.951314053053239,-0.12396599978058
9.35978659553184,0.0522522199775825,-0.0469152995787159,1.13271335854787,-0.457845115849778,0.9511624532911,-0.125084526523483
9.36312104034678,0.0520022275370146,-0.0461731407498796,1.13240370940175,-0.457620335810222,0.951004303580909,-0.126200955513773
9.36645548516172,0.0517559400287608,-0.0454354214887297,1.13209113559383,-0.457424276583954,0.950839725490569,-0.12731493983849
9.36978992997666,0.0515133757350787,-0.0447021115334499,1.13177576379614,-0.457257006036536,0.95066884508614,-0.128426133883039
9.3731243747916,0.0512745518539835,-0.0439731796015798,1.13145772019191,-0.457118580685036,0.950491792858305,-0.129534193469782
9.37645881960654,0.0510394845027156,-0.0432485934086131,1.13113713042313,-0.457009045674604,0.950308703646724,-0.130638775995764
9.37979326442147,0.0508081887213639,-0.0425283196868415,1.13081411953836,-0.456928434759902,0.950119716562298,-0.131739540569543
9.38312770923641,0.0505806784766464,-0.041812324204458,1.13048881194067,-0.456876770291383,0.949924974907399,-0.132836148147043
9.38646215405135,0.0503569666658362,-0.0411005717848958,1.13016133133585,-0.456854063206435,0.949724626094098,-0.133928261666393
9.38979659886629,0.0501370651208341,-0.0403930263264141,1.1298318006809,-0.45686031302539,0.949518821560433,-0.13501554618169
9.39313104368123,0.0499209846123799,-0.039689650821913,1.12950034213273,-0.456895507852386,0.949307716684772,-0.13609766899564
9.39646548849617,0.0497087348543995,-0.0389904073789835,1.12916707699722,-0.456959624381094,0.949091470698293,-0.137174299791003
9.3997999333111,0.0495003245084812,-0.0382952572401742,1.12883212567853,-0.457052627905294,0.948870246595652,-0.13824511076083
9.40313437812604,0.0492957611884797,-0.0376041608034838,1.12849560762882,-0.457174472334302,0.948644211043855,-0.13930977673739
9.40646882294098,0.049095051465241,-0.0369170776430641,1.12815764129831,-0.457325100213235,0.948413534289415,-0.140367975319775
9.40980326775592,0.0488982008714437,-0.036233966530129,1.12781834408568,-0.457504442748097,0.948178390063802,-0.141419387000118
9.41313771257086,0.0487052139065552,-0.0355547854540717,1.12747783228892,-0.457712419835684,0.947938955487271,-0.142463695288366
9.4164721573858,0.0485160940418937,-0.0348794916437713,1.12713622105663,-0.457948940098287,0.947695410971085,-0.143500586835582
9.41980660220073,0.0483308437257969,-0.0342080415890983,1.12679362433965,-0.458213900923173,0.947447940118203,-0.144529751555697
9.42314104701567,0.0481494643888893,-0.0335403910625996,1.12645015484334,-0.458507188506829,0.947196729622473,-0.145550882745695
9.42647549183061,0.0479719564494462,-0.0328764951413686,1.12610592398019,-0.458828677903947,0.946941969166384,-0.146563677204153
9.42980993664555,0.0477983193188483,-0.0322163082290834,1.125761041823,-0.459178233081124,0.946683851317419,-0.147567835348128
9.43314438146049,0.0476285514071262,-0.0315597840782207,1.12541561705861,-0.459555706975249,0.946422571423081,-0.1485630613283
9.43647882627543,0.047462650128586,-0.0309068758124236,1.12506975694218,-0.459960941556562,0.946158327504613,-0.149549063142373
9.43981327109036,0.0473006119075181,-0.0302575359490341,1.12472356725197,-0.460393767896337,0.945891320149494,-0.150525552746649
9.4431477159053,0.0471424321839783,-0.0296117164217683,1.12437715224482,-0.460854006239171,0.945621752402749,-0.151492246165762
9.44648216072024,0.0469881054196445,-0.0289693686035408,1.12403061461216,-0.461341466079841,0.945349829657123,-0.152448863600519
9.44981660553518,0.0468376251037408,-0.028330443329426,1.12368405543669,-0.461855946244689,0.945075759542182,-0.153395129533796
9.45315105035012,0.0466909837590258,-0.0276948909197495,1.1233375741497,-0.462397234977507,0.944799751812396,-0.154330772834474
9.45648549516505,0.0465481729478441,-0.0270626612033076,1.12299126848906,-0.462965110029871,0.944522018234243,-0.155255526859347
9.45981993997999,0.0464091832782345,-0.0264337035407032,1.12264523445789,-0.463559338755896,0.944242772472409,-0.156169129552993
9.46315438479493,0.0462740044100933,-0.025807966847798,1.12229956628399,-0.464179678211346,0.943962229975126,-0.157071323545537
9.46648882960987,0.0461426250613895,-0.0251853996192677,1.12195435637988,-0.46482587525709,0.943680607858711,-0.157961856248307
9.46982327442481,0.0460150330144269,-0.0245659499522608,1.12160969530376,-0.465497666666813,0.943398124791351,-0.158840479947311
9.47315771923975,0.0458912151221528,-0.0239495655701473,1.12126567172103,-0.466194779238971,0.943115000876202,-0.159706951894529
9.47649216405468,0.0457711573145071,-0.0233361938463583,1.12092237236677,-0.466916929912914,0.942831457533859,-0.160561034396971
9.47982660886962,0.0456548446048117,-0.022725781828303,1.12057988200892,-0.467663825889137,0.942547717384237,-0.161402494903471
9.48316105368456,0.045542261096195,-0.0221182762613607,1.12023828341228,-0.468435164753604,0.942264004127938,-0.16223110608919
9.4864954984995,0.0454333899880508,-0.0215136236129425,1.11989765730339,-0.469230634606074,0.941980542427153,-0.163046645937786
9.48982994331444,0.0453282135825265,-0.020911770096608,1.11955808233621,-0.470049914192401,0.941697557786151,-0.163848897821249
9.49316438812938,0.0452267132910407,-0.0203126616962419,1.11921963505868,-0.47089267304071,0.94141527643143,-0.164637650577327
9.49649883294432,0.0451288696408252,-0.0197162441902732,1.11888238988021,-0.471758571601425,0.941133925191557,-0.165412698584566
9.49983327775925,0.0450346622814911,-0.0191224631759384,1.11854641903994,-0.472647261391058,0.940853731376789,-0.166173841834894
9.50316772257419,0.0449440699916147,-0.0185312640935747,1.11821179257608,-0.473558385139708,0.940574922658503,-0.166920886003762
9.50650216738913,0.0448570706853426,-0.0179425922509428,1.11787857829603,-0.474491576942199,0.940297726948508,-0.16765364251778
9.50983661220407,0.0447736414190131,-0.0173563928475671,1.11754684174756,-0.475446462412799,0.940022372278298,-0.168371928619861
9.51317105701901,0.0446937583977916,-0.016772610999092,1.11721664619081,-0.476422658843431,0.939749086678287,-0.169075567431826
9.51650550183395,0.0446173969823187,-0.0161911917616401,1.11688805257143,-0.477419775365326,0.939478098057099,-0.169764388014453
9.51983994664888,0.0445445316953688,-0.0156120801561738,1.11656111949453,-0.478437413114031,0.93920963408097,-0.170438225424967
9.52317439146382,0.0444751362285178,-0.0150352211928451,1.11623590319976,-0.479475165397705,0.938943922053296,-0.171096920771928
9.52650883627876,0.0444091834488167,-0.0144605598953323,1.11591245753733,-0.480532617868636,0.938681188794423,-0.171740321267519
9.5298432810937,0.0443466454054729,-0.0138880413251574,1.11559083394506,-0.481609348697874,0.938421660521695,-0.172368280277208
9.53317772590864,0.0442874933365332,-0.0133176106059683,1.11527108142648,-0.482704928752939,0.93816556272984,-0.172980657366768
9.53651217072357,0.0442316976755717,-0.0127492129477918,1.11495324652995,-0.483818921778504,0.937913120071751,-0.173577318346649
9.53984661553851,0.0441792280583774,-0.0121827936712387,1.11463737332889,-0.484950884579964,0.9376645562397,-0.174158135313681
9.54318106035345,0.0441300533296436,-0.0116182982316633,1.11432350340298,-0.486100367209839,0.937420093847057,-0.174722986690101
9.54651550516839,0.0440841415496553,-0.0110556722432601,1.11401167582056,-0.487266913156896,0.937179954310565,-0.175271757259888
9.54984994998333,0.0440414600009756,-0.0104948615031036,1.11370192712198,-0.488450059537927,0.936944357733217,-0.175804338202403
9.55318439479827,0.0440019751951295,-0.00993581201510913,1.11339429130417,-0.489649337292096,0.936713522787808,-0.176320627123328
9.5565188396132,0.0439656528792833,-0.00937847001392302,1.11308879980625,-0.490864271377751,0.936487666601192,-0.176820528082879
9.55985328442814,0.0439324580429216,-0.00882278198872128,1.11278548149625,-0.492094380971638,0.936267004639319,-0.17730395162131
9.56318772924308,0.0439023549245179,-0.00826869470691877,1.11248436265899,-0.493339179670417,0.936051750593092,-0.177770814781692
9.56652217405802,0.0438753070182014,-0.00771615523778025,1.11218546698503,-0.494598175694384,0.935842116265103,-0.178221041129961
9.56985661887296,0.0438512770804169,-0.0071651109759203,1.11188881556085,-0.495870872093327,0.935638311457299,-0.178654560772237
9.5731910636879,0.0438302271365803,-0.00661550966469621,1.11159442686005,-0.497156766954402,0.935440543859624,-0.17907131036941
9.57652550850283,0.0438121184877266,-0.00606729941947265,1.11130231673583,-0.498455353611963,0.9352490189397,-0.179471233149003
9.57985995331777,0.0437969117171525,-0.00552042875076626,1.11101249841452,-0.499766120859227,0.935063939833584,-0.179854278914286
9.58319439813271,0.0437845666970527,-0.00497484658724862,1.1107249824903,-0.501088553161707,0.934885507237667,-0.180220404050683
9.58652884294765,0.0437750425951494,-0.00443050229861428,1.11043977692116,-0.502422130872289,0.934713919301745,-0.180569571529437
9.58986328776259,0.0437682978813168,-0.00388734571829335,1.1101568870259,-0.503766330447891,0.934549371523326,-0.180901750908564
9.59319773257753,0.0437642903341986,-0.00334532716601433,1.10987631548242,-0.505120624667581,0.934392056643221,-0.181216918331086
9.59653217739247,0.043762977047821,-0.00280439747019981,1.10959806232711,-0.506484482852072,0.934242164542452,-0.181515056520557
9.5998666222074,0.0437643144382001,-0.00226450799019723,1.10932212495545,-0.507857371084493,0.934099882140545,-0.181796154773888
9.60320106702234,0.0437682582499449,-0.00172561063832726,1.10904849812382,-0.50923875243235,0.933965393295233,-0.182060208951482
9.60653551183728,0.0437747635628564,-0.00118765790175463,1.10877717395243,-0.51062808717055,0.933838878703631,-0.182307221464686
9.60986995665222,0.0437837847985231,-0.000650602864166476,1.10850814192951,-0.512024833005427,0.933720515804922,-0.182537201260569
9.61320440146716,0.0437952757269142,-0.000114399227251536,1.10824138891661,-0.513428445299651,0.933610478684593,-0.182750163804045
9.61653884628209,0.0438091894729709,0.000420998668019356,1.10797689915517,-0.514838377297914,0.93350893798027,-0.182946131057353
9.61987329109703,0.043825478523197,0.000955635820329007,1.10771465427421,-0.516254080353317,0.933416060789198,-0.1831251314569
9.62320773591197,0.0438440947322493,0.00148955654716182,1.10745463329923,-0.517675004154343,0.933332010577393,-0.183287199887495
9.62654218072691,0.0438649893295295,0.00202280446417916,1.10719681266233,-0.51910059695231,0.933256947090527,-0.183432377653983
9.62987662554185,0.0438881129257784,0.00255542246482208,1.10694116621344,-0.520530305789229,0.933191026266566,-0.183560712450295
9.63321107035679,0.0439134155196732,0.00308745270015584,1.10668766523281,-0.521963576725942,0.933134400150217,-0.183672258325941
9.63654551517172,0.0439408465044299,0.00361893655895101,1.10643627844466,-0.523399855070452,0.933087216809211,-0.183767075649954
9.63987995998666,0.0439703546744122,0.00414991464802233,1.10618697203194,-0.524838585606348,0.933049620252462,-0.183845231072326
9.6432144048016,0.0440018882317464,0.0046804267728187,1.10593970965238,-0.526279212821213,0.933021750350142,-0.183906797482925
9.64654884961654,0.0440353947929474,0.00521051191827721,1.1056944524556,-0.527721181134928,0.933003742755704,-0.183951853967953
9.64988329443148,0.0440708213955534,0.00574020822994872,1.10545115910148,-0.52916393512777,0.932995728829885,-0.183980485763942
9.65321773924641,0.0441081145047731,0.00626955299539619,1.10520978577959,-0.530606919768193,0.932997835566734,-0.183992784209322
9.65655218406135,0.0441472200201475,0.00679858262587617,1.10497028622991,-0.532049580640208,0.933010185521679,-0.183988846693592
9.65988662887629,0.0441880832822256,0.0073273326383073,1.10473261176451,-0.533491364170253,0.933032896741682,-0.183968776604112
9.66322107369123,0.0442306490792587,0.00785583763753432,1.10449671129059,-0.534931717853459,0.933066082697507,-0.183932683270545
9.66655551850617,0.0442748616539123,0.00838413129888991,1.10426253133448,-0.536370090479207,0.933109852218121,-0.183880681906987
9.66988996332111,0.0443206647099999,0.00891224635106466,1.10403001606684,-0.537805932355892,0.933164309427278,-0.1838128935518
9.67322440813605,0.0443680014192388,0.00944021455928754,1.10379910732902,-0.539238695534779,0.933229553682284,-0.183729445005191
9.67655885295098,0.0444168144280308,0.0099680667088238,1.10356974466042,-0.540667834032857,0.933305679515001,-0.183630468764562
9.67989329776592,0.0444670458642693,0.0104958325887978,1.1033418653271,-0.542092804054612,0.933392776575094,-0.183516102957663
9.68322774258086,0.0445186373441753,0.0110235409763433,1.10311540435131,-0.5435130642126,0.933490929575548,-0.183386491273588
9.6865621873958,0.0445715299791636,0.0115512196210903,1.10289029454229,-0.544928075746737,0.933600218240491,-0.183241782891634
9.68989663221074,0.0446256643827424,0.0120788952299882,1.102666466528,-0.546337302742198,0.933720717255331,-0.183082132408077
9.69323107702568,0.0446809806774473,0.0126065934524811,1.10244384878794,-0.547740212345862,0.933852496219234,-0.182907699760879
9.69656552184061,0.0447374185018123,0.0131343388660262,1.10222236768712,-0.549136274981159,0.933995619599961,-0.182718650152386
9.69989996665555,0.0447949170173802,0.0136621549619759,1.10200194751092,-0.550524964561279,0.934150146691094,-0.182515153970028
9.70323441147049,0.0448534149157549,0.0141900641318155,1.1017825105011,-0.551905758700612,0.934316131571645,-0.182297386705085
9.70656885628543,0.0449128504256961,0.0147180876537707,1.10156397689273,-0.553278138924344,0.934493623068093,-0.182065528869536
9.70990330110037,0.0449731613202609,0.0152462456797854,1.10134626495222,-0.554641590876123,0.934682664718838,-0.181819765911047
9.71323774591531,0.0450342849239936,0.0157745572228764,1.10112929101625,-0.555995604523689,0.934883294741116,-0.181560288126121
9.71657219073024,0.0450961581201652,0.0163030401448678,1.10091296953171,-0.557339674362396,0.935095546000354,-0.181287290571477
9.71990663554518,0.0451587173580659,0.0168317111445135,1.10069721309661,-0.558673299616528,0.935319445982006,-0.181000972973661
9.72324108036012,0.0452218986603531,0.0173605857460098,1.10048193250193,-0.559995984438332,0.935555016765869,-0.180701539636971
9.72657552517506,0.0452856376304562,0.0178896782878991,1.10026703677437,-0.561307238104661,0.935802275002884,-0.180389199349715
9.72990996999,0.0453498694600407,0.01841900191238,1.10005243322003,-0.562606575211178,0.936061231894445,-0.180064165288848
9.73324441480493,0.0454145289365354,0.0189485685550149,1.09983802746904,-0.563893515864001,0.936331893174212,-0.179726654923038
9.73657885961987,0.0454795504507225,0.0194783889348479,1.09962372352096,-0.565167585868733,0.936614259092434,-0.179376889914203
9.73991330443481,0.045544868004395,0.0200084725449355,1.09940942379117,-0.566428316916778,0.936908324402795,-0.179015096017562
9.74324774924975,0.045610415218083,0.0205388276432921,1.09919502915798,-0.567675246768884,0.937214078351789,-0.178641502980246
9.74658219406469,0.0456761253388503,0.0210694612442541,1.09898043901069,-0.568907919435803,0.937531504670607,-0.178256344438521
9.74991663887963,0.0457419312481655,0.0216003791102714,1.09876555129836,-0.57012588535603,0.937860581569572,-0.17785985781366
9.75325108369456,0.0458077654698481,0.02213158574412,1.09855026257943,-0.571328701570513,0.93820128173508,-0.177452284206517
9.7565855285095,0.0458735601780923,0.022663084381553,1.0983344680721,-0.572515931894273,0.938553572329092,-0.17703386829085
9.75991997332444,0.0459392472055713,0.0231948769843775,1.09811806170547,-0.573687147084864,0.938917414991139,-0.176604858205441
9.76325441813938,0.0460047580516243,0.023726964233976,1.09790093617136,-0.574841925007593,0.939292765842857,-0.176165505445054
9.76658886295432,0.0460700238905266,0.0242593455252623,1.09768298297695,-0.575979850797437,0.93967957549504,-0.1757160647503
9.76992330776926,0.0461349755798478,0.0247920189610855,1.09746409249801,-0.577100517017578,0.940077789057209,-0.175256793996427
9.7732577525842,0.0461995436688985,0.0253249813470786,1.09724415403284,-0.578203523814515,0.940487346149698,-0.174787954081114
9.77659219739913,0.0462636584072662,0.0258582281869537,1.09702305585691,-0.57928847906964,0.940908180918225,-0.174309808811303
9.77992664221407,0.0463272497534469,0.026391753678256,1.09680068527805,-0.580354998547275,0.941340222050977,-0.173822624789116
9.78326108702901,0.0463902473835688,0.0269255507085629,1.09657692869227,-0.581402706039046,0.941783392798165,-0.173326671296924
9.78659553184395,0.0464525807002149,0.0274596108521481,1.09635167164026,-0.582431233504589,0.942237610994059,-0.172822220181601
9.78992997665889,0.0465141788413427,0.0279939243670994,1.09612479886427,-0.583440221208485,0.942702789081483,-0.17230954573802
9.79326442147383,0.0465749706893063,0.0285284801929005,1.09589619436573,-0.584429317853393,0.943178834138762,-0.171788924591844
9.79659886628876,0.0466348848799792,0.029063265948473,1.09566574146326,-0.585398180709311,0.943665647909099,-0.171260635581668
9.7999333111037,0.046693849811983,0.0295982679306872,1.0954333228512,-0.586346475738934,0.944163126832381,-0.170724959640543
9.80326775591864,0.0467517936560204,0.0301334711133361,1.09519882065866,-0.587273877719016,0.944671162079377,-0.170182179676961
9.80660220073358,0.0468086443643175,0.0306688591465785,1.09496211650896,-0.588180070357731,0.945189639588334,-0.16963258045533
9.80993664554852,0.0468643296801741,0.0312044143568538,1.09472309157956,-0.589064746407955,0.945718440103943,-0.169076448476004
9.81327109036345,0.0469187771476256,0.031740117747264,1.09448162666231,-0.58992760777643,0.946257439218638,-0.168514071854912
9.81660553517839,0.0469719141212167,0.0322759489984317,1.09423760222412,-0.590768365628774,0.946806507416248,-0.167945740202841
9.81993997999333,0.0470236677758892,0.0328118864698277,1.09399089846803,-0.591586740490277,0.94736551011794,-0.167371744504431
9.82327442480827,0.0470739651169847,0.0333479072015754,1.09374139539452,-0.592382462342464,0.947934307730453,-0.166792376996915
9.82660886962321,0.0471227329903637,0.033883986916727,1.09348897286317,-0.593155270715361,0.948512755696598,-0.166207931048677
9.82994331443815,0.0471698980926423,0.0344201000240182,1.09323351065458,-0.593904914775447,0.949100704547991,-0.16561870103767
9.83327775925308,0.0472153869815479,0.0349562196210954,1.09297488853258,-0.594631153409255,0.949697999960003,-0.165024982229743
9.83661220406802,0.0472591260863943,0.0354923174982213,1.09271298630662,-0.595333755302568,0.950304482808895,-0.164427070656932
9.83994664888296,0.0473010417186776,0.0360283641424537,1.09244768389439,-0.596012499015207,0.950919989231111,-0.163825262995769
9.8432810936979,0.0473410600827948,0.0365643287423045,1.09217886138459,-0.59666717305137,0.951544350684706,-0.163219856445652
9.84661553851284,0.0473791072868835,0.0371001791928701,1.09190639909987,-0.597297575925482,0.952177394012874,-0.162611148607343
9.84994998332778,0.047415109353786,0.0376358821014392,1.0916301776599,-0.597903516223552,0.952818941509552,-0.161999437361618
9.85328442814271,0.047448992232137,0.0381714027935779,1.09135007804452,-0.598484812660004,0.953468810987056,-0.161385020748154
9.85661887295765,0.0474806818075758,0.0387067053196835,1.09106598165696,-0.599041294129953,0.954126815845739,-0.160768196844671
9.85995331777259,0.047510103914084,0.0392417524620189,1.09077777038711,-0.599572799756929,0.954792765145623,-0.160149263646404
9.86328776258753,0.047537184345448,0.0397765057422134,1.09048532667482,-0.600079178936002,0.955466463679964,-0.159528518945939
9.86662220740247,0.0475618488668478,0.04031092542924,1.0901885335732,-0.600560291372322,0.956147712050744,-0.158906260213472
9.86995665221741,0.0475840232265717,0.0408449705478596,1.08988727481179,-0.601016007115038,0.956836306746024,-0.158282784477536
9.87329109703234,0.047603633167857,0.041378598887536,1.08958143485985,-0.6014462065866,0.957532040219143,-0.157658388206243
9.87662554184728,0.0476206044408567,0.0419117670118182,1.08927089898937,-0.601850780607431,0.958234700969716,-0.157033367189101
9.87995998666222,0.0476348628147332,0.0424444302681872,1.0889555533381,-0.602229630415956,0.958944073626393,-0.15640801641944
9.88329443147716,0.0476463340898764,0.0429765427983687,1.08863528497239,-0.602582667683996,0.959659939031358,-0.155782629977502
9.8866288762921,0.0476549441102489,0.0435080575491047,1.08830998194981,-0.602909814527507,0.960382074326492,-0.155157500914242
9.88996332110704,0.0476606187758558,0.0440389262833894,1.08797953338172,-0.603211003512684,0.961110253041212,-0.154532921135891
9.89329776592197,0.0476632840553392,0.044569099592156,1.08764382949542,-0.603486177657413,0.961844245181894,-0.153909181289321
9.89663221073691,0.0476628659986976,0.0450985269064257,1.08730276169624,-0.603735290428083,0.962583817322876,-0.153286570648258
9.89996665555185,0.0476592907501283,0.0456271565099025,1.08695622262925,-0.603958305731771,0.963328732698985,-0.152665377000399
9.90330110036679,0.0476524845609926,0.0461549355520223,1.08660410624066,-0.604155197903788,0.964078751299536,-0.152045886535467
9.90663554518173,0.0476423738029035,0.0466818100614445,1.08624630783897,-0.604325951690616,0.964833629963791,-0.151428383734251
9.90996998999667,0.0476288849809338,0.0472077249599922,1.08588272415568,-0.604470562228238,0.965593122477796,-0.150813151258681
9.9133044348116,0.0476119447469444,0.0477326240770253,1.08551325340568,-0.604589035015874,0.966356979672576,-0.150200469842982
9.91663887962654,0.0475914799130306,0.0482564501642589,1.08513779534721,-0.604681385885139,0.967124949523651,-0.14959061818593
9.91997332444148,0.0475674174650867,0.0487791449110077,1.08475625134139,-0.604747640964654,0.967896777251794,-0.148983872844289
9.92330776925642,0.0475396845764857,0.0493006489598644,1.08436852441127,-0.604787836640106,0.96867220542502,-0.148380508127436
9.92664221407136,0.0475082086218735,0.0498209019228028,1.08397451930042,-0.604802019509802,0.969450974061751,-0.147780795993235
9.92997665888629,0.0474729171910764,0.0503398423976996,1.08357414253104,-0.604790246335724,0.970232820735089,-0.147185005945196
9.93331110370123,0.0474337381031187,0.0508574079852808,1.08316730246144,-0.604752583990128,0.971017480678184,-0.146593404930952
9.93664554851617,0.0473905994203501,0.0513735353064721,1.08275390934303,-0.604689109397692,0.971804686890626,-0.14600625724211
9.93997999333111,0.0473434294626799,0.0518881600201675,1.08233387537674,-0.604599909473274,0.97259417024582,-0.145423824415493
9.94331443814605,0.0472921568219163,0.0524012168413932,1.08190711476876,-0.604485081055274,0.973385659599296,-0.144846365135833
9.94664888296099,0.0472367103762087,0.052912639559879,1.08147354378567,-0.604344730834674,0.974178881897909,-0.144274135139928
9.94998332777593,0.0471770193045905,0.0534223610590178,1.08103308080894,-0.604178975279759,0.974973562289869,-0.143707387122327
9.95331777259086,0.0471130131016197,0.0539303133352197,1.08058564638871,-0.603987940556574,0.975769424235577,-0.14314637064255
9.9566522174058,0.047044621592116,0.0544364275176459,1.08013116329686,-0.603771762445155,0.976566189619173,-0.142591332033906
9.95998666222074,0.0469717749459896,0.0549406338883257,1.07966955657932,-0.603530586251571,0.977363578860805,-0.142042514313918
9.96332110703568,0.0468944036931617,0.0554428619026444,1.07920075360774,-0.603264566715822,0.978161311029511,-0.141500157096403
9.96665555185062,0.046812438738571,0.0559430402101994,1.07872468413018,-0.60297386791564,0.978959103956711,-0.140964496505242
9.96998999666556,0.0467258113772655,0.05644109667602,1.07824128032118,-0.602658663166237,0.979756674350225,-0.140435765089857
9.97332444148049,0.0466344533095756,0.0569369584021415,1.07775047683089,-0.602319134916055,0.980553737908787,-0.139914191742439
9.97665888629543,0.0465382966563647,0.057430551749532,1.0772522108334,-0.601955474638561,0.981350009436999,-0.139400001616957
9.97999333111037,0.0464372739743559,0.0579218023603595,1.07674642207416,-0.601567882720142,0.982145202960666,-0.138893416049961
9.98332777592531,0.0463313182715286,0.0584106351806027,1.07623305291651,-0.601156568344155,0.982939031842477,-0.138394652483234
9.98666222074025,0.0462203630225846,0.0588969744829852,1.07571204838736,-0.600721749371194,0.98373120889796,-0.137903924388298
9.98999666555519,0.0461043421844778,0.0593807438902443,1.0751833562218,-0.600263652215611,0.984521446511691,-0.137421441192803
9.99333111037012,0.0459831902120045,0.0598618663987074,1.07464692690687,-0.599782511718382,0.985309456753668,-0.136947408208847
9.99666555518506,0.045856842073451,0.0603402644021899,1.07410271372429,-0.599278571016346,0.986094951495832,-0.136482026563214
10,0.045856842073451,0.0603402644021899,1.07410271372429,-0.599278571016346,0.986094951495832,-0.136482026563214
