function [zCov, qCov] = GetCovariances()

% Assume constant covariance taken from 10 minutes of the 20200922
% Calibration data set
zCov = diag([0.452456641712613,-0.0708723552162333,0.0235708135366157,-7.89999040159789e-05,-0.000828397596821074,-0.00246786349121133;-0.0708723552162333,0.129039702848080,0.0668901986700965,0.000498054239314681,-2.65569749749972e-05,0.000549307360001460;0.0235708135366157,0.0668901986700965,0.129106559785109,0.000720269787886028,-0.000222539568929079,0.000117704658174683;-7.89999040159789e-05,0.000498054239314681,0.000720269787886028,0.000225062748414163,6.36784910559340e-05,-8.65125147381354e-06;-0.000828397596821074,-2.65569749749972e-05,-0.000222539568929079,6.36784910559340e-05,0.000465180244615861,3.68132546346405e-05;-0.00246786349121133,0.000549307360001460,0.000117704658174683,-8.65125147381354e-06,3.68132546346405e-05,0.00100537439617746]);
qCov = diag([3.69983449871270e-07,1.38716055079601e-08,1.77917577232406e-08,2.44734535258486e-08,-1.00585706972048e-07,-1.37489463860293e-07;1.38716055079601e-08,3.77020449423939e-07,7.63820573323820e-08,8.11964092654809e-08,1.11498816928377e-07,-1.82995497115062e-07;1.77917577232406e-08,7.63820573323820e-08,3.42282910290101e-07,7.33722030834825e-08,9.10716428887196e-08,1.85742147787260e-08;2.44734535258486e-08,8.11964092654809e-08,7.33722030834825e-08,4.35054156104643e-06,-8.28203632888714e-08,5.99053703065684e-07;-1.00585706972048e-07,1.11498816928377e-07,9.10716428887196e-08,-8.28203632888714e-08,6.18250409571802e-06,-2.37187815899216e-07;-1.37489463860293e-07,-1.82995497115062e-07,1.85742147787260e-08,5.99053703065684e-07,-2.37187815899216e-07,4.50695050257560e-06]);

end