function [zCov, qCov] = GetCovariances()

% Assume constant covariance taken from 15 minutes of the 20201016
% Calibration data set
zCov = diag([0.144080741936885,-0.0392810863631271,-0.00569806993962912,-0.000219249229225768,-0.000617360270357249,-0.00117112129476686;-0.0392810863631271,0.0436641759321030,0.0201377732620803,0.000303284435158397,9.68831963525774e-05,0.000444684641400093;-0.00569806993962912,0.0201377732620803,0.0346307662120280,0.000325580322845967,-8.44352207425461e-05,0.000161761936667651;-0.000219249229225768,0.000303284435158397,0.000325580322845967,3.09397539990668e-05,5.20232153006433e-06,1.33194650224210e-05;-0.000617360270357249,9.68831963525774e-05,-8.44352207425461e-05,5.20232153006433e-06,6.81735314257470e-05,5.00540976143985e-06;-0.00117112129476686,0.000444684641400093,0.000161761936667651,1.33194650224210e-05,5.00540976143985e-06,9.96795415037856e-05]);
qCov = diag([4.49268655359614e-09,1.99911641971097e-10,-8.70769244530456e-11,6.53980842413826e-11,3.55090423817500e-11,-1.24113057653479e-09;1.99911641971097e-10,7.59904633312243e-09,-1.22597516343476e-09,2.88127503045497e-09,4.04494108445362e-10,9.29764644084131e-10;-8.70769244530456e-11,-1.22597516343476e-09,5.57979720164026e-09,-2.85384845678732e-09,-1.20695373234805e-10,-1.39034481038412e-09;6.53980842413826e-11,2.88127503045497e-09,-2.85384845678732e-09,3.35887510668881e-08,-1.61907387565406e-09,2.54406712466320e-09;3.55090423817500e-11,4.04494108445362e-10,-1.20695373234805e-10,-1.61907387565406e-09,3.13723090107354e-08,9.94221187441655e-10;-1.24113057653479e-09,9.29764644084131e-10,-1.39034481038412e-09,2.54406712466320e-09,9.94221187441655e-10,2.26248717746957e-08]);

end